0 1.20088664545342e-12
9.9999999999989e-05 1.17157321948015e-12
0.000199999999999978 1.13670247039609e-12
0.000299999999999967 1.09647255387515e-12
0.000399999999999956 1.05107469433565e-12
0.000499999999999945 1.00069337786319e-12
0.000600000000000156 9.45507302393942e-13
0.000700000000000145 8.85690012421071e-13
0.000800000000000134 8.21410954536574e-13
0.000900000000000123 7.52836173929909e-13
0.00100000000000011 6.80129373816183e-13
0.0011000000000001 6.03453160584549e-13
0.00120000000000009 5.22970057418673e-13
0.00130000000000008 4.38843505453637e-13
0.00140000000000007 3.51239541224643e-13
0.00150000000000006 2.60327786939649e-13
0.00160000000000005 1.66282803209693e-13
0.00170000000000003 6.9285728481959e-14
0.00180000000000002 -3.04743255630123e-14
0.00190000000000001 -1.32799072365532e-13
0.002 -2.37478970543045e-13
0.00209999999999999 -3.44291990630265e-13
0.00219999999999998 -4.53001852912555e-13
0.00229999999999997 -5.63356421323179e-13
0.00239999999999996 -6.75086102824927e-13
0.00249999999999995 -7.87901726688715e-13
0.00260000000000016 -9.0149337020147e-13
0.00270000000000015 -1.01552813275902e-12
0.00280000000000014 -1.12964866899913e-12
0.00290000000000012 -1.24347117712495e-12
0.00300000000000011 -1.35658376975342e-12
0.0031000000000001 -1.46854474026276e-12
0.00320000000000009 -1.57888059658798e-12
0.00330000000000008 -1.6870846254147e-12
0.00340000000000007 -1.79261474490569e-12
0.00350000000000006 -1.89489239614751e-12
0.00360000000000005 -1.99330019770753e-12
0.00370000000000004 -2.0871811223276e-12
0.00380000000000003 -2.17583621400582e-12
0.00390000000000001 -2.25852381171017e-12
0.004 -2.33445756846124e-12
0.00409999999999999 -2.40280564613988e-12
0.00419999999999998 -2.46268922086146e-12
0.00429999999999997 -2.51318173554074e-12
0.00439999999999996 -2.55330744415395e-12
0.00449999999999995 -2.58204123711681e-12
0.00459999999999994 -2.59830776618808e-12
0.00470000000000015 -2.60098088030812e-12
0.00480000000000014 -2.58888345008336e-12
0.00490000000000013 -2.56078741124712e-12
0.00500000000000012 -2.51541406565508e-12
0.0051000000000001 -2.45143420799987e-12
0.00520000000000009 -2.36746907837277e-12
0.00530000000000008 -2.26209143661992e-12
0.00540000000000007 -2.13382671528738e-12
0.00550000000000006 -1.98115449251718e-12
0.00560000000000005 -1.8025111035668e-12
0.00570000000000004 -1.59629151667043e-12
0.00580000000000003 -1.36085211721913e-12
0.00590000000000002 -1.09451453618764e-12
0.00600000000000001 -7.95568530639061e-13
0.00609999999999999 -4.622766465519e-13
0.00619999999999998 -9.28788508538331e-14
0.00629999999999997 3.14402358237659e-13
0.00639999999999996 7.61356163957106e-13
0.00649999999999995 1.24977699335151e-12
0.00659999999999994 1.78145753959637e-12
0.00670000000000015 2.35818111079165e-12
0.00680000000000014 2.98171354596313e-12
0.00690000000000013 3.65379369759342e-12
0.00700000000000012 4.3761244611965e-12
0.00710000000000011 5.15036135320859e-12
0.0072000000000001 5.97810194579451e-12
0.00730000000000008 6.86087330665064e-12
0.00740000000000007 7.80011948663059e-12
0.00750000000000006 8.79718761425364e-12
0.00760000000000005 9.8533126448478e-12
0.00770000000000004 1.09696026160013e-11
0.00780000000000003 1.21470220183289e-11
0.00790000000000002 1.3386373782906e-11
0.00800000000000001 1.4688281427064e-11
0.0081 1.60531700453196e-11
0.00819999999999999 1.74812441418596e-11
0.00829999999999997 1.89724693301463e-11
0.00839999999999996 2.05265471709015e-11
0.00849999999999995 2.21428945323151e-11
0.00859999999999994 2.38206164082442e-11
0.00870000000000015 2.55584827478706e-11
0.00880000000000014 2.73549024318499e-11
0.00890000000000013 2.92078948467502e-11
0.00900000000000012 3.11150625802282e-11
0.00910000000000011 3.30735623150742e-11
0.0092000000000001 3.50800768604404e-11
0.00930000000000009 3.71307801733088e-11
0.00940000000000007 3.92213114825969e-11
0.00950000000000006 4.13467394610641e-11
0.00960000000000005 4.35015301843072e-11
0.00970000000000004 4.5679517047935e-11
0.00980000000000003 4.78738629783392e-11
0.00990000000000002 5.0077028401698e-11
0.01 5.22807385071916e-11
0.0101 5.44760430644897e-11
0.0102 5.665369296441e-11
0.0103 5.88047812848949e-11
0.0104 6.09212290686204e-11
0.0105 6.2995896363058e-11
0.0105999999999999 6.50225023172343e-11
0.0107000000000002 6.69956166917506e-11
0.0108000000000001 6.89107107535557e-11
0.0109000000000001 7.07641206724061e-11
0.0110000000000001 7.25529409103692e-11
0.0111000000000001 7.42749613124808e-11
0.0112000000000001 7.59286338091342e-11
0.0113000000000001 7.75129696496001e-11
0.0114000000000001 7.90274114752498e-11
0.0115000000000001 8.04717314717487e-11
0.0116000000000001 8.18459173772245e-11
0.0117 8.31500823398964e-11
0.0118 8.43844689638323e-11
0.0119 8.5549516110962e-11
0.012 8.66459430912974e-11
0.0121 8.76747990834753e-11
0.0122 8.86374722513171e-11
0.0123 8.95356149392352e-11
0.0124 9.03711092965022e-11
0.0125 9.11460384501391e-11
0.0125999999999999 9.18626534473562e-11
0.0127000000000002 9.25232623605843e-11
0.0128000000000001 9.31301106841605e-11
0.0129000000000001 9.3685318120628e-11
0.0130000000000001 9.41908831595056e-11
0.0131000000000001 9.46487285062274e-11
0.0132000000000001 9.50607041123073e-11
0.0133000000000001 9.54286106174256e-11
0.0134000000000001 9.57543018190575e-11
0.0135000000000001 9.60398185767226e-11
0.0136000000000001 9.62874469736389e-11
0.0137 9.64996133812064e-11
0.0138 9.66787633894275e-11
0.0139 9.68272733410172e-11
0.014 9.6947480703714e-11
0.0141 9.70416496908923e-11
0.0142 9.71118790510487e-11
0.0143 9.71600590362806e-11
0.0144 9.71879659873298e-11
0.0145 9.71974358677218e-11
0.0145999999999999 9.71904895007612e-11
0.0147000000000002 9.71692985248521e-11
0.0148000000000001 9.71360068554785e-11
0.0149000000000001 9.70925352406355e-11
0.0150000000000001 9.704050486244e-11
0.0151000000000001 9.69812788609289e-11
0.0152000000000001 9.69161140215115e-11
0.0153000000000001 9.68462600190236e-11
0.0154000000000001 9.6772996492435e-11
0.0155000000000001 9.66976126510148e-11
0.0156000000000001 9.66213722218423e-11
0.0157 9.65455090927892e-11
0.0158 9.64711717032712e-11
0.0159 9.6399445827512e-11
0.016 9.63313957686743e-11
0.0161 9.62680873099276e-11
0.0162 9.6210539311178e-11
0.0163 9.61597325148588e-11
0.0164 9.61166713523238e-11
0.0165 9.60823740922739e-11
0.0165999999999999 9.60577749758469e-11
0.0167000000000002 9.6043585738248e-11
0.0168000000000001 9.60402157484864e-11
0.0169000000000001 9.60478212413183e-11
0.0170000000000001 9.60664262492352e-11
0.0171000000000001 9.60959705913206e-11
0.0172000000000001 9.6136279966606e-11
0.0173000000000001 9.61870690522842e-11
0.0174000000000001 9.62480080067734e-11
0.0175000000000001 9.63188043251568e-11
0.0176000000000001 9.63992310617192e-11
0.0177 9.64891048202545e-11
0.0178 9.65882356309526e-11
0.0179 9.66963726100816e-11
0.018 9.68131533193987e-11
0.0181 9.6938088974212e-11
0.0182 9.70705891638472e-11
0.0183 9.72100904045564e-11
0.0184 9.73561683098677e-11
0.0185 9.75085521702759e-11
0.0185999999999999 9.76669342609845e-11
0.0186999999999999 9.78308021995449e-11
0.0188000000000001 9.79993934960372e-11
0.0189000000000001 9.81717118468945e-11
0.0190000000000001 9.83465667934341e-11
0.0191000000000001 9.85227352382325e-11
0.0192000000000001 9.86991031465228e-11
0.0193000000000001 9.88747272353532e-11
0.0194000000000001 9.90487864841637e-11
0.0195000000000001 9.9220564081172e-11
0.0196000000000001 9.93894463596962e-11
0.0197000000000001 9.9554971812721e-11
0.0198 9.97168515694188e-11
0.0199 9.9874879188726e-11
0.02 1.00028811734491e-10
0.0201 1.00178322134646e-10
0.0202 1.0032305480355e-10
0.0203 1.0046266766628e-10
0.0204 1.00596863588174e-10
0.0205 1.00725366453643e-10
0.0206 1.00847860425188e-10
0.0206999999999999 1.00964004888533e-10
0.0208000000000002 1.01073506091455e-10
0.0209000000000001 1.01176147849229e-10
0.0210000000000001 1.01271730955815e-10
0.0211000000000001 1.01359995902736e-10
0.0212000000000001 1.01440591806993e-10
0.0213000000000001 1.01513143601358e-10
0.0214000000000001 1.01577376208117e-10
0.0215000000000001 1.01633170061309e-10
0.0216000000000001 1.01680488624776e-10
0.0217000000000001 1.01719301091919e-10
0.0218 1.0174957235984e-10
0.0219 1.01771298592779e-10
0.022 1.01784541252311e-10
0.0221 1.01789399877795e-10
0.0222 1.01785918805446e-10
0.0223 1.01774027507828e-10
0.0224 1.01753594730909e-10
0.0225 1.01724455582936e-10
0.0226 1.01686329885618e-10
0.0226999999999999 1.01638745553393e-10
0.0228000000000002 1.01581049945108e-10
0.0229000000000001 1.01512474785709e-10
0.0230000000000001 1.01432218046315e-10
0.0231000000000001 1.01339519087656e-10
0.0232000000000001 1.01233683329952e-10
0.0233000000000001 1.01114011061141e-10
0.0234000000000001 1.00979720151373e-10
0.0235000000000001 1.00829973203008e-10
0.0236000000000001 1.00664027072894e-10
0.0237000000000001 1.00481356540596e-10
0.0238 1.00281682073184e-10
0.0239 1.00064969031414e-10
0.024 9.98313878997258e-11
0.0241 9.95813476528233e-11
0.0242 9.93155646177156e-11
0.0243 9.90349966595139e-11
0.0244 9.87406176244442e-11
0.0245 9.84332528752103e-11
0.0246 9.81136160985299e-11
0.0246999999999999 9.77824486920532e-11
0.0248000000000002 9.74406046444979e-11
0.0249000000000001 9.70889906138708e-11
0.0250000000000001 9.67284547359365e-11
0.0251000000000001 9.63596939227949e-11
0.0252000000000001 9.59833088485043e-11
0.0253000000000001 9.55998839525211e-11
0.0254000000000001 9.5209906974991e-11
0.0255000000000001 9.48137653121996e-11
0.0256000000000001 9.44118873616784e-11
0.0257000000000001 9.4004913061085e-11
0.0258 9.35936611353849e-11
0.0259 9.3178962977543e-11
0.026 9.27615639781493e-11
0.0261 9.23421983650868e-11
0.0262 9.19216178123582e-11
0.0263 9.15005483248248e-11
0.0264 9.10796120054989e-11
0.0265 9.06592578070249e-11
0.0266 9.02397969495933e-11
0.0266999999999999 8.98214456313186e-11
0.0268000000000002 8.94043494546063e-11
0.0269000000000001 8.89885368331769e-11
0.0270000000000001 8.85739317463887e-11
0.0271000000000001 8.8160377605539e-11
0.0272000000000001 8.7747628821759e-11
0.0273000000000001 8.73354239904998e-11
0.0274000000000001 8.69235262853874e-11
0.0275000000000001 8.65118211453851e-11
0.0276000000000001 8.61003463357821e-11
0.0277000000000001 8.56892948373226e-11
0.0278 8.52789999364935e-11
0.0279 8.48699165312819e-11
0.028 8.44625912725998e-11
0.0281 8.40576148874965e-11
0.0282 8.36555856493251e-11
0.0283 8.32571547899172e-11
0.0284 8.28630550522233e-11
0.0285 8.24740582738548e-11
0.0286 8.2090957665104e-11
0.0286999999999999 8.17145457866798e-11
0.0288000000000002 8.13455242512495e-11
0.0289000000000001 8.09843925994674e-11
0.0290000000000001 8.06314102537902e-11
0.0291000000000001 8.02866939396122e-11
0.0292000000000001 7.9950248175341e-11
0.0293000000000001 7.96219921111525e-11
0.0294000000000001 7.93017804790731e-11
0.0295000000000001 7.89894704432619e-11
0.0296000000000001 7.86849126671292e-11
0.0297000000000001 7.83878983279791e-11
0.0298 7.80981077112468e-11
0.0299 7.78151498475958e-11
0.03 7.75386746625176e-11
0.0301 7.72683958725815e-11
0.0302 7.70040659348105e-11
0.0303 7.6745390083033e-11
0.0304 7.64919768777953e-11
0.0305 7.62433527506949e-11
0.0306 7.59989616089712e-11
0.0306999999999999 7.57581544177223e-11
0.0307999999999999 7.55201864551053e-11
0.0309000000000001 7.52843330267534e-11
0.0310000000000001 7.5049983820919e-11
0.0311000000000001 7.4816675061172e-11
0.0312000000000001 7.45840219997358e-11
0.0313000000000001 7.43517001758139e-11
0.0314000000000001 7.41194689041327e-11
0.0315000000000001 7.38871718161213e-11
0.0316000000000001 7.36546872182016e-11
0.0317000000000001 7.34218600683935e-11
0.0318000000000001 7.31885374990188e-11
0.0319 7.29546775687612e-11
0.032 7.27204731851122e-11
0.0321 7.24863089368572e-11
0.0322 7.22527006591385e-11
0.0323 7.20202683660531e-11
0.0324 7.17897347451385e-11
0.0325 7.15618823194576e-11
0.0326 7.13374319499985e-11
0.0327 7.11169753758062e-11
0.0327999999999999 7.09009963086945e-11
0.0329000000000002 7.06899536372754e-11
0.0330000000000001 7.04843895677419e-11
0.0331000000000001 7.02849996757519e-11
0.0332000000000001 7.00926043565309e-11
0.0333000000000001 6.99080898693086e-11
0.0334000000000001 6.97323457036769e-11
0.0335000000000001 6.95663014518889e-11
0.0336000000000001 6.94108765572842e-11
0.0337000000000001 6.92669018272994e-11
0.0338000000000001 6.91348906872095e-11
0.0339 6.90150223076755e-11
0.034 6.8907291349646e-11
0.0341 6.88116797393394e-11
0.0342 6.87282093798278e-11
0.0343 6.86569133990716e-11
0.0344 6.85978304675472e-11
0.0345 6.85510093626994e-11
0.0346 6.85165031181764e-11
0.0347 6.84942972910968e-11
0.0347999999999999 6.8484217250001e-11
0.0349000000000002 6.84859364165159e-11
0.0350000000000001 6.84990881042178e-11
0.0351000000000001 6.85233430055061e-11
0.0352000000000001 6.85584496620431e-11
0.0353000000000001 6.86041835221523e-11
0.0354000000000001 6.86602951309554e-11
0.0355000000000001 6.87264420698517e-11
0.0356000000000001 6.88021429704664e-11
0.0357000000000001 6.88868028013121e-11
0.0358000000000001 6.89797979996436e-11
0.0359 6.90805334418936e-11
0.036 6.91883818076909e-11
0.0361 6.93025651950605e-11
0.0362 6.94221509408946e-11
0.0363 6.95461461331634e-11
0.0364 6.96736361342824e-11
0.0365 6.98038408963766e-11
0.0366 6.99361970441346e-11
0.0367 7.00703676979806e-11
0.0367999999999999 7.02062533712304e-11
0.0369000000000002 7.03438679731919e-11
0.0370000000000001 7.04832480073264e-11
0.0371000000000001 7.06243650258171e-11
0.0372000000000001 7.07670653785531e-11
0.0373000000000001 7.09110121639701e-11
0.0374000000000001 7.10556629791951e-11
0.0375000000000001 7.12002925713174e-11
0.0376000000000001 7.13440384208273e-11
0.0377000000000001 7.14859397900937e-11
0.0378000000000001 7.16249366108432e-11
0.0379 7.17598652796589e-11
0.038 7.18895242324165e-11
0.0381 7.20127671658172e-11
0.0382 7.21286013224191e-11
0.0383 7.22362679477611e-11
0.0384 7.23353109913877e-11
0.0385 7.24254953962305e-11
0.0386 7.25067512386857e-11
0.0387 7.25792150246434e-11
0.0387999999999999 7.26432770673861e-11
0.0389000000000002 7.26995721321637e-11
0.0390000000000001 7.27489109554533e-11
0.0391000000000001 7.27922307135623e-11
0.0392000000000001 7.28305286258683e-11
0.0393000000000001 7.28647475281344e-11
0.0394000000000001 7.28956496233498e-11
0.0395000000000001 7.29238158953991e-11
0.0396000000000001 7.29497235517187e-11
0.0397000000000001 7.29737716540773e-11
0.0398000000000001 7.29962605783202e-11
0.0399 7.30174569519773e-11
0.04 7.303765795516e-11
0.0401 7.30571937930815e-11
0.0402 7.30764034071824e-11
0.0403 7.3095630189613e-11
0.0404 7.31152174258018e-11
0.0405 7.31355290295354e-11
0.0406 7.31569877172484e-11
0.0407 7.31800914292068e-11
0.0407999999999999 7.32054494706021e-11
0.0409000000000002 7.32338014541155e-11
0.0410000000000001 7.32659328348898e-11
0.0411000000000001 7.33025689648216e-11
0.0412000000000001 7.33443700958327e-11
0.0413000000000001 7.33919818714695e-11
0.0414000000000001 7.34460138300197e-11
0.0415000000000001 7.35070103678274e-11
0.0416000000000001 7.3575417217236e-11
0.0417000000000001 7.36515999439092e-11
0.0418000000000001 7.37358382883086e-11
0.0419 7.38282890122466e-11
0.042 7.39290070258332e-11
0.0421 7.40379924588855e-11
0.0422 7.41552755914095e-11
0.0423 7.42810026077439e-11
0.0424 7.44155137015721e-11
0.0425 7.45593225097517e-11
0.0426 7.47129985350848e-11
0.0427 7.48769915714272e-11
0.0427999999999999 7.5051529033232e-11
0.0429000000000002 7.5236626147249e-11
0.0430000000000001 7.54321448162551e-11
0.0431000000000001 7.56378571899276e-11
0.0432000000000001 7.58534434354095e-11
0.0433000000000001 7.60784932538633e-11
0.0434000000000001 7.63125194896896e-11
0.0435000000000001 7.65549847181719e-11
0.0436000000000001 7.6805305123181e-11
0.0437000000000001 7.706286138083e-11
0.0438000000000001 7.73270237667639e-11
0.0439000000000001 7.75972779236158e-11
0.044 7.78733089815898e-11
0.0441 7.81549544830666e-11
0.0442 7.84420580518461e-11
0.0443 7.87344215605204e-11
0.0444 7.90318019137803e-11
0.0445 7.93338820083382e-11
0.0446 7.96402406215621e-11
0.0447 7.99503727836692e-11
0.0448 8.02636784361341e-11
0.0448999999999999 8.05793938415861e-11
0.0450000000000002 8.08965151208767e-11
0.0451000000000001 8.12138537988541e-11
0.0452000000000001 8.15302044711894e-11
0.0453000000000001 8.18445180557313e-11
0.0454000000000001 8.21559596294125e-11
0.0455000000000001 8.24638673837347e-11
0.0456000000000001 8.27676510224398e-11
0.0457000000000001 8.30667378411561e-11
0.0458000000000001 8.33606159656351e-11
0.0459000000000001 8.36488860774085e-11
0.046 8.39312900656281e-11
0.0461 8.42076223837118e-11
0.0462 8.44776373214379e-11
0.0463 8.47409975945611e-11
0.0464 8.49972543037221e-11
0.0465 8.52458524146993e-11
0.0466 8.54861494728558e-11
0.0467 8.57174518328151e-11
0.0468 8.59390576583424e-11
0.0468999999999999 8.61503313942633e-11
0.0470000000000002 8.63507557174529e-11
0.0471000000000001 8.65399266520643e-11
0.0472000000000001 8.67174912527417e-11
0.0473000000000001 8.6883052581253e-11
0.0474000000000001 8.70361643695081e-11
0.0475000000000001 8.71763774458456e-11
0.0476000000000001 8.73032489406663e-11
0.0477000000000001 8.7416361569434e-11
0.0478000000000001 8.75153938024536e-11
0.0479000000000001 8.76002073243653e-11
0.048 8.76708433049188e-11
0.0481 8.77274704116224e-11
0.0482 8.77703522863751e-11
0.0483 8.77998052294352e-11
0.0484 8.78161036753642e-11
0.0485 8.78194386377215e-11
0.0486 8.7809945375092e-11
0.0487 8.77877226126067e-11
0.0488 8.77527984167708e-11
0.0488999999999999 8.77051593575017e-11
0.0490000000000002 8.76447949384985e-11
0.0491000000000001 8.75717608583668e-11
0.0492000000000001 8.74862050094677e-11
0.0493000000000001 8.73883407183892e-11
0.0494000000000001 8.72784566972018e-11
0.0495000000000001 8.71569493812676e-11
0.0496000000000001 8.70243163618499e-11
0.0497000000000001 8.68810888090329e-11
0.0498000000000001 8.67277188543006e-11
0.0499000000000001 8.65645710999692e-11
0.05 8.63920394174389e-11
0.0501 8.62107012987413e-11
0.0502 8.6021340006393e-11
0.0503 8.58248372096452e-11
0.0504 8.56221401191483e-11
0.0505 8.5414313520485e-11
0.0506 8.52025389473465e-11
0.0507 8.49880089938594e-11
0.0508 8.47717532281434e-11
0.0508999999999999 8.45545805068954e-11
0.0510000000000002 8.43370769052716e-11
0.0511000000000001 8.41196054246037e-11
0.0512000000000001 8.39023365507774e-11
0.0513000000000001 8.36853037429177e-11
0.0514000000000001 8.34684238891563e-11
0.0515000000000001 8.32514452387704e-11
0.0516000000000001 8.30339424473985e-11
0.0517000000000001 8.28153681568409e-11
0.0518000000000001 8.25951372498494e-11
0.0519000000000001 8.23726709939741e-11
0.052 8.21474546088741e-11
0.0521 8.19191307792858e-11
0.0522 8.16875251284596e-11
0.0523 8.14525436514124e-11
0.0524 8.12140318966853e-11
0.0525 8.09717178073132e-11
0.0526 8.07252862868354e-11
0.0527 8.0474503748342e-11
0.0528 8.02192179878664e-11
0.0528999999999999 7.99593237822642e-11
0.0530000000000002 7.96948010791171e-11
0.0531000000000001 7.94256828496168e-11
0.0532000000000001 7.9152000184062e-11
0.0533000000000001 7.88737760694004e-11
0.0534000000000001 7.85910467896256e-11
0.0535000000000001 7.83038733299589e-11
0.0536000000000001 7.80123585587224e-11
0.0537000000000001 7.7716703870912e-11
0.0538000000000001 7.74171920628436e-11
0.0539000000000001 7.71141321339621e-11
0.054 7.68079203471202e-11
0.0541 7.64991705828297e-11
0.0542 7.61887045050313e-11
0.0543 7.58774522701333e-11
0.0544 7.55663187056404e-11
0.0545 7.52561354825508e-11
0.0546 7.49476814268395e-11
0.0547 7.46417341413071e-11
0.0548 7.43390978197725e-11
0.0548999999999999 7.40405261839352e-11
0.0550000000000002 7.37466288496466e-11
0.0551000000000001 7.34578087529926e-11
0.0552000000000001 7.31743140669741e-11
0.0553000000000001 7.28963013113804e-11
0.0554000000000001 7.26239022446884e-11
0.0555000000000001 7.23572530703467e-11
0.0556000000000001 7.20964244576701e-11
0.0557000000000001 7.18412710449883e-11
0.0558000000000001 7.15913125756292e-11
0.0559000000000001 7.13457568124193e-11
0.056 7.11036439306294e-11
0.0561 7.08640338448067e-11
0.0562 7.06260939576358e-11
0.0563 7.03890996738354e-11
0.0564 7.01523476607736e-11
0.0565 6.99150580022926e-11
0.0566 6.96762606116048e-11
0.0567 6.94348224264677e-11
0.0568 6.91895390720175e-11
0.0569 6.89391648137549e-11
0.0570000000000002 6.86824483125268e-11
0.0571000000000002 6.8418179222154e-11
0.0572000000000001 6.8145286466714e-11
0.0573000000000001 6.78628721188483e-11
0.0574000000000001 6.75701754271277e-11
0.0575000000000001 6.72665417828524e-11
0.0576000000000001 6.69513730889473e-11
0.0577000000000001 6.66240833717257e-11
0.0578000000000001 6.62840924803755e-11
0.0579000000000001 6.59307944474305e-11
0.0580000000000001 6.55635460532055e-11
0.0581 6.51817723640838e-11
0.0582 6.47850946032133e-11
0.0583 6.43733476998233e-11
0.0584 6.3946533237317e-11
0.0585 6.35048169278137e-11
0.0586 6.30486102428307e-11
0.0587 6.25786326865294e-11
0.0588 6.20958711707247e-11
0.0589 6.16014124535525e-11
0.0589999999999999 6.10963128669278e-11
0.0591000000000002 6.05816009197578e-11
0.0592000000000001 6.00583886878575e-11
0.0593000000000001 5.9527903143314e-11
0.0594000000000001 5.89913831264219e-11
0.0595000000000001 5.84499248768454e-11
0.0596000000000001 5.79044699688973e-11
0.0597000000000001 5.73558813391658e-11
0.0598000000000001 5.68049631814945e-11
0.0599000000000001 5.62524454171504e-11
0.0600000000000001 5.56989322161787e-11
0.0601 5.5144806207238e-11
0.0602 5.4590150944045e-11
0.0603 5.40347680973709e-11
0.0604 5.34782514129421e-11
0.0605 5.29199772602891e-11
0.0606 5.23591166463466e-11
0.0607 5.1794739967021e-11
0.0608 5.12259918496819e-11
0.0609 5.06521972305007e-11
0.0609999999999999 5.00727869168362e-11
0.0611000000000002 4.94871998340063e-11
0.0612000000000001 4.88948667069335e-11
0.0613000000000001 4.82953307899875e-11
0.0614000000000001 4.76883411319121e-11
0.0615000000000001 4.70738502991653e-11
0.0616000000000001 4.64519292539641e-11
0.0617000000000001 4.58227171436122e-11
0.0618000000000001 4.51864007015036e-11
0.0619000000000001 4.45432315332595e-11
0.0620000000000001 4.38935494880921e-11
0.0621 4.3237743232719e-11
0.0622 4.2576214965058e-11
0.0623 4.19093549567717e-11
0.0624 4.12375393271173e-11
0.0625 4.0561177326192e-11
0.0626 3.98807331344659e-11
0.0627 3.91966710145435e-11
0.0628 3.85094136654395e-11
0.0629 3.78193941359341e-11
0.0629999999999999 3.71271660033357e-11
0.0631000000000002 3.64335035656076e-11
0.0632000000000001 3.57393355893389e-11
0.0633000000000001 3.50455066910962e-11
0.0634000000000001 3.43525970533759e-11
0.0635000000000001 3.36608870212215e-11
0.0636000000000001 3.29704533411144e-11
0.0637000000000001 3.22812994720282e-11
0.0638000000000001 3.15934557609074e-11
0.0639000000000001 3.09069831739154e-11
0.0640000000000001 3.02219249823486e-11
0.0641 2.95383176864173e-11
0.0642 2.88563215261222e-11
0.0643 2.81762511290945e-11
0.0644 2.74985099356497e-11
0.0645 2.6823489969898e-11
0.0646 2.61515502350495e-11
0.0647 2.54830730897482e-11
0.0648 2.48185285692933e-11
0.0649 2.41584613360371e-11
0.0649999999999999 2.35033824863326e-11
0.0651000000000002 2.28536803865665e-11
0.0652000000000001 2.22095201246245e-11
0.0653000000000001 2.15708116014138e-11
0.0654000000000001 2.09372714576211e-11
0.0655000000000001 2.03085306072605e-11
0.0656000000000001 1.9684182601308e-11
0.0657000000000001 1.90637620341398e-11
0.0658000000000001 1.84467476860909e-11
0.0659000000000001 1.78325525135997e-11
0.0660000000000001 1.72205532003263e-11
0.0661 1.66100994506068e-11
0.0662 1.60005392758216e-11
0.0663 1.53911352549481e-11
0.0664 1.4780997171101e-11
0.0665 1.41691667813261e-11
0.0666 1.35547567027433e-11
0.0667 1.29370183933173e-11
0.0668 1.23152361806165e-11
0.0669 1.16886692480813e-11
0.0669999999999999 1.10565615578208e-11
0.0671000000000002 1.04181874052761e-11
0.0672000000000001 9.7729240857244e-12
0.0673000000000001 9.1202890762106e-12
0.0674000000000001 8.45992436323585e-12
0.0675000000000001 7.79150036825539e-12
0.0676000000000001 7.11460945761859e-12
0.0677000000000001 6.42875524297598e-12
0.0678000000000001 5.73338259274419e-12
0.0679000000000001 5.02798499818293e-12
0.0680000000000001 4.31222543000494e-12
0.0681 3.58595768165074e-12
0.0682 2.84918920058195e-12
0.0683 2.10209280407754e-12
0.0684 1.34501345687383e-12
0.0685 5.78382869687661e-13
0.0686 -1.97371733685831e-13
0.0687 -9.81880447989297e-13
0.0688 -1.77479731427861e-12
0.0689 -2.57572103750747e-12
0.069 -3.38420857232217e-12
0.0691000000000002 -4.19984472983464e-12
0.0692000000000002 -5.02229464039684e-12
0.0693000000000001 -5.85124644046048e-12
0.0694000000000001 -6.68634300357807e-12
0.0695000000000001 -7.5271547571582e-12
0.0696000000000001 -8.37320178928096e-12
0.0697000000000001 -9.22397741976403e-12
0.0698000000000001 -1.00789153104006e-11
0.0699000000000001 -1.09373347890631e-11
0.0700000000000001 -1.17984934849182e-11
0.0701000000000001 -1.26616274091249e-11
0.0702 -1.35259781337541e-11
0.0703 -1.43908186574457e-11
0.0704 -1.52554420513412e-11
0.0705 -1.61191348752628e-11
0.0706 -1.69811563450032e-11
0.0707 -1.78407353261569e-11
0.0708 -1.86970855169393e-11
0.0709 -1.95493845439478e-11
0.071 -2.03967227956184e-11
0.0710999999999999 -2.12381243822025e-11
0.0712000000000002 -2.20726011597047e-11
0.0713000000000001 -2.28992468737001e-11
0.0714000000000001 -2.37172434694605e-11
0.0715000000000001 -2.45259105988363e-11
0.0716000000000001 -2.53247745870267e-11
0.0717000000000001 -2.61136104343728e-11
0.0718000000000001 -2.68925219853845e-11
0.0719000000000001 -2.76619773569402e-11
0.0720000000000001 -2.84227752479684e-11
0.0721000000000001 -2.91758795012197e-11
0.0722 -2.99223011180656e-11
0.0723 -3.06630634868039e-11
0.0724 -3.13991625221543e-11
0.0725 -3.2131612626369e-11
0.0726 -3.28615053303036e-11
0.0727 -3.35900677030588e-11
0.0728 -3.43185712697237e-11
0.0729 -3.50482248521603e-11
0.073 -3.57801065464556e-11
0.0730999999999999 -3.65151167796539e-11
0.0732000000000002 -3.72539517306043e-11
0.0733000000000001 -3.79970703709333e-11
0.0734000000000001 -3.87446597500241e-11
0.0735000000000001 -3.94966446250709e-11
0.0736000000000001 -4.02527799600291e-11
0.0737000000000001 -4.10127313168672e-11
0.0738000000000001 -4.17762135788323e-11
0.0739000000000001 -4.25430090254917e-11
0.0740000000000001 -4.33130749640829e-11
0.0741000000000001 -4.40865432030943e-11
0.0742 -4.48636775323624e-11
0.0743 -4.56448115243753e-11
0.0744 -4.64303084978439e-11
0.0745 -4.72205112800003e-11
0.0746 -4.80158154203384e-11
0.0747 -4.88167140251211e-11
0.0748 -4.96237936455468e-11
0.0749 -5.04376613652218e-11
0.075 -5.125889303875e-11
0.0750999999999999 -5.20879837470579e-11
0.0752000000000002 -5.29253188394293e-11
0.0753000000000001 -5.37712048555342e-11
0.0754000000000001 -5.4625901645625e-11
0.0755000000000001 -5.5489657968608e-11
0.0756000000000001 -5.63627426517515e-11
0.0757000000000001 -5.72453958705041e-11
0.0758000000000001 -5.81378151720823e-11
0.0759000000000001 -5.90401727261879e-11
0.0760000000000001 -5.99526309428719e-11
0.0761000000000001 -6.0875347076536e-11
0.0762 -6.18083889974682e-11
0.0763 -6.27517087948795e-11
0.0764 -6.37051598306384e-11
0.0765 -6.4668525708133e-11
0.0766 -6.5641482483775e-11
0.0767 -6.66236032600898e-11
0.0768 -6.761440880835e-11
0.0769 -6.86134522599367e-11
0.077 -6.96203604224669e-11
0.0770999999999999 -7.06348780298703e-11
0.0772000000000002 -7.16568275231005e-11
0.0773000000000001 -7.26860544253457e-11
0.0774000000000001 -7.37224086601091e-11
0.0775000000000001 -7.47657273503239e-11
0.0776000000000001 -7.58158331158401e-11
0.0777000000000001 -7.687261482382e-11
0.0778000000000001 -7.79360792472253e-11
0.0779000000000001 -7.90063270038765e-11
0.0780000000000001 -8.00834093150657e-11
0.0781000000000001 -8.11672687852214e-11
0.0782 -8.22577000333162e-11
0.0783 -8.3354412004482e-11
0.0784 -8.4457115750135e-11
0.0785 -8.55655870533236e-11
0.0786 -8.6679627850396e-11
0.0787 -8.77989934809682e-11
0.0788 -8.89233644376536e-11
0.0789 -9.00524562634756e-11
0.079 -9.11860779975633e-11
0.0790999999999999 -9.23241474554243e-11
0.0792000000000002 -9.34666452189576e-11
0.0793000000000001 -9.46135821062205e-11
0.0794000000000001 -9.57649220748443e-11
0.0795000000000001 -9.69206223076952e-11
0.0796000000000001 -9.80807041622796e-11
0.0797000000000001 -9.92452785534354e-11
0.0798000000000001 -1.00414510589803e-10
0.0799000000000001 -1.01588517388075e-10
0.0800000000000001 -1.0276739555453e-10
0.0801000000000001 -1.03951260044728e-10
0.0802 -1.05140223974833e-10
0.0803 -1.06334415928501e-10
0.0804 -1.07534030803888e-10
0.0805 -1.08739381392356e-10
0.0806 -1.09950817048055e-10
0.0807 -1.11168653687124e-10
0.0808 -1.12393154567562e-10
0.0809 -1.13624574910113e-10
0.081 -1.14863137643419e-10
0.0810999999999999 -1.16108952522313e-10
0.0812000000000002 -1.17361933215615e-10
0.0813000000000001 -1.18621864265882e-10
0.0814000000000001 -1.19888526702375e-10
0.0815000000000001 -1.21161701067537e-10
0.0816000000000001 -1.22441063492856e-10
0.0817000000000001 -1.23726139990781e-10
0.0818000000000001 -1.25016375399639e-10
0.0819000000000001 -1.26311220952487e-10
0.0820000000000001 -1.27610142177446e-10
0.0821000000000001 -1.28912528026973e-10
0.0822000000000001 -1.30217583025368e-10
0.0823 -1.3152435869744e-10
0.0824 -1.32831914424633e-10
0.0825 -1.34139441924113e-10
0.0826 -1.35446379338631e-10
0.0827 -1.36752286655292e-10
0.0828 -1.38056732436378e-10
0.0829 -1.39359239475532e-10
0.083 -1.40659320949496e-10
0.0831 -1.41956476700245e-10
0.0832000000000002 -1.43250125632556e-10
0.0833000000000002 -1.44539468083917e-10
0.0834000000000001 -1.45823434914982e-10
0.0835000000000001 -1.47100790336207e-10
0.0836000000000001 -1.4837029385487e-10
0.0837000000000001 -1.49630766443412e-10
0.0838000000000001 -1.50881086947315e-10
0.0839000000000001 -1.52120269632473e-10
0.0840000000000001 -1.53347630774678e-10
0.0841000000000001 -1.54562885893335e-10
0.0842000000000001 -1.5576604388975e-10
0.0843 -1.56957180373773e-10
0.0844 -1.58136299339183e-10
0.0845 -1.59303378751156e-10
0.0846 -1.60458474655606e-10
0.0847 -1.61601693434085e-10
0.0848 -1.62733164177804e-10
0.0849 -1.63852938695113e-10
0.085 -1.64960966403823e-10
0.0851 -1.66057028719096e-10
0.0851999999999999 -1.67140795235704e-10
0.0853000000000002 -1.68211967837636e-10
0.0854000000000001 -1.69270368179065e-10
0.0855000000000001 -1.70315842032197e-10
0.0856000000000001 -1.71348140347449e-10
0.0857000000000001 -1.72366979049895e-10
0.0858000000000001 -1.73372029880666e-10
0.0859000000000001 -1.74362936875788e-10
0.0860000000000001 -1.75339289827773e-10
0.0861000000000001 -1.76300654282257e-10
0.0862000000000001 -1.77246553354296e-10
0.0863 -1.78176508037219e-10
0.0864 -1.79090082255993e-10
0.0865 -1.79986897121679e-10
0.0866 -1.80866614233972e-10
0.0867 -1.81728905838108e-10
0.0868 -1.8257357959407e-10
0.0869 -1.83400567970418e-10
0.087 -1.84209859744563e-10
0.0871 -1.85001465660138e-10
0.0871999999999999 -1.85775481360853e-10
0.0873000000000002 -1.86532060528202e-10
0.0874000000000001 -1.87271217240906e-10
0.0875000000000001 -1.87992800366044e-10
0.0876000000000001 -1.88696593210016e-10
0.0877000000000001 -1.89382472574538e-10
0.0878000000000001 -1.90050401230644e-10
0.0879000000000001 -1.90700360219722e-10
0.0880000000000001 -1.91332393878541e-10
0.0881000000000001 -1.91946687566724e-10
0.0882000000000001 -1.92543675150581e-10
0.0883 -1.93124047263812e-10
0.0884 -1.93688676468033e-10
0.0885 -1.94238524416741e-10
0.0886 -1.94774603371405e-10
0.0887 -1.95297985970812e-10
0.0888 -1.95809708616719e-10
0.0889 -1.96310747604723e-10
0.089 -1.96801960176256e-10
0.0891 -1.97284084484731e-10
0.0891999999999999 -1.97757813915596e-10
0.0893000000000002 -1.98223768497855e-10
0.0894000000000001 -1.98682434643697e-10
0.0895000000000001 -1.99134120884464e-10
0.0896000000000001 -1.99578973900564e-10
0.0897000000000001 -2.000170595297e-10
0.0898000000000001 -2.00448386861769e-10
0.0899000000000001 -2.00872961683946e-10
0.0900000000000001 -2.01290760404403e-10
0.0901000000000001 -2.01701700698581e-10
0.0902000000000001 -2.02105615137872e-10
0.0903 -2.02502242908391e-10
0.0904 -2.02891276396298e-10
0.0905 -2.0327242222574e-10
0.0906 -2.0364554635192e-10
0.0907 -2.04010627603997e-10
0.0908 -2.04367642500595e-10
0.0909 -2.04716422544254e-10
0.091 -2.05056685043455e-10
0.0911 -2.05388175695046e-10
0.0911999999999999 -2.05710703221485e-10
0.0913000000000002 -2.06024170507955e-10
0.0914000000000001 -2.06328505500019e-10
0.0915000000000001 -2.06623626578949e-10
0.0916000000000001 -2.06909316535261e-10
0.0917000000000001 -2.07185209529637e-10
0.0918000000000001 -2.07450761768575e-10
0.0919000000000001 -2.07705244003959e-10
0.0920000000000001 -2.07947820123338e-10
0.0921000000000001 -2.08177601553656e-10
0.0922000000000001 -2.08393653901196e-10
0.0923 -2.0859498533906e-10
0.0924 -2.08780589732391e-10
0.0925 -2.08949488107657e-10
0.0926 -2.09100637322137e-10
0.0927 -2.0923293961613e-10
0.0928 -2.09345262712236e-10
0.0929 -2.0943665124293e-10
0.093 -2.09506448428592e-10
0.0931 -2.09554318318879e-10
0.0931999999999999 -2.0958014353456e-10
0.0933000000000002 -2.09583816535188e-10
0.0934000000000001 -2.0956512538411e-10
0.0935000000000001 -2.09523700137563e-10
0.0936000000000001 -2.09459057445693e-10
0.0937000000000001 -2.09370666529396e-10
0.0938000000000001 -2.09258045419349e-10
0.0939000000000001 -2.09120773097085e-10
0.0940000000000001 -2.08958621791752e-10
0.0941000000000001 -2.08771574593337e-10
0.0942000000000001 -2.08559800532931e-10
0.0943000000000001 -2.08323550647476e-10
0.0944 -2.08063112990395e-10
0.0945 -2.07778822432303e-10
0.0946 -2.07471121707604e-10
0.0947 -2.07140517632198e-10
0.0948 -2.06787507890425e-10
0.0949 -2.06412516196008e-10
0.095 -2.0601591512212e-10
0.0951 -2.05598081213098e-10
0.0952 -2.05159450177732e-10
0.0953000000000002 -2.0470048114768e-10
0.0954000000000002 -2.04221676980749e-10
0.0955000000000001 -2.03723559537237e-10
0.0956000000000001 -2.03206683603753e-10
0.0957000000000001 -2.02671617488569e-10
0.0958000000000001 -2.02119004763846e-10
0.0959000000000001 -2.01549531620907e-10
0.0960000000000001 -2.00963858769859e-10
0.0961000000000001 -2.00362510971225e-10
0.0962000000000001 -1.99745905533024e-10
0.0963000000000001 -1.99114373156207e-10
0.0964 -1.98468203373575e-10
0.0965 -1.9780771956197e-10
0.0966 -1.97133377787004e-10
0.0967 -1.96445822913487e-10
0.0968 -1.9574586893118e-10
0.0969 -1.9503446858576e-10
0.097 -1.94312602712418e-10
0.0971 -1.9358119226891e-10
0.0972 -1.92841036398098e-10
0.0972999999999999 -1.92092844579588e-10
0.0974000000000002 -1.91337330042083e-10
0.0975000000000001 -1.90575176279692e-10
0.0976000000000001 -1.89806946722418e-10
0.0977000000000001 -1.8903297717791e-10
0.0978000000000001 -1.88253317986052e-10
0.0979000000000001 -1.87467684772474e-10
0.0980000000000001 -1.86675475485903e-10
0.0981000000000001 -1.85875884450627e-10
0.0982000000000001 -1.85067999403786e-10
0.0983000000000001 -1.84250840832291e-10
0.0984 -1.83423330939135e-10
0.0985 -1.82584292049995e-10
0.0986 -1.81732571145371e-10
0.0987 -1.80867173619186e-10
0.0988 -1.79987331203675e-10
0.0989 -1.79092474936034e-10
0.099 -1.78182271885636e-10
0.0991 -1.77256570644096e-10
0.0992 -1.76315352461555e-10
0.0992999999999999 -1.75358693517416e-10
0.0994000000000002 -1.7438677941935e-10
0.0995000000000001 -1.73399896350993e-10
0.0996000000000001 -1.7239841883209e-10
0.0997000000000001 -1.71382746916077e-10
0.0998000000000001 -1.70353284987533e-10
0.0999000000000001 -1.69310372862272e-10
0.1 -1.682542593812e-10
0.1001 -1.67185034252717e-10
0.1002 -1.66102621085475e-10
0.1003 -1.650068688879e-10
0.1004 -1.6389755851448e-10
0.1005 -1.62774365314729e-10
0.1006 -1.61636906072739e-10
0.1007 -1.60484897600007e-10
0.1008 -1.59318257610324e-10
0.1009 -1.58137122704328e-10
0.101 -1.569418649626e-10
0.1011 -1.55733041464136e-10
0.1012 -1.54511299572855e-10
0.1013 -1.53277290580053e-10
0.1014 -1.52031650525187e-10
0.1015 -1.50774962952493e-10
0.1016 -1.49507726354236e-10
0.1017 -1.48230313472824e-10
0.1018 -1.46942986914555e-10
0.1019 -1.45645996747732e-10
0.102 -1.44339576268413e-10
0.1021 -1.43023869513371e-10
0.1022 -1.41698885233374e-10
0.1023 -1.403645127553e-10
0.1024 -1.39020649616114e-10
0.1025 -1.37667218958022e-10
0.1026 -1.36304222018259e-10
0.1027 -1.3493168034716e-10
0.1028 -1.33549551732293e-10
0.1029 -1.32157680245184e-10
0.103 -1.30755837703226e-10
0.1031 -1.29343883033988e-10
0.1032 -1.27921948347034e-10
0.1033 -1.26490475654554e-10
0.1034 -1.25050031059547e-10
0.1035 -1.23601128820553e-10
0.1036 -1.22144148740653e-10
0.1037 -1.2067941049237e-10
0.1038 -1.19207208479491e-10
0.1039 -1.177278518138e-10
0.104 -1.1624165403008e-10
0.1041 -1.1474891330332e-10
0.1042 -1.13249952052404e-10
0.1043 -1.1174512794642e-10
0.1044 -1.10234830068205e-10
0.1045 -1.08719390149309e-10
0.1046 -1.0719902469996e-10
0.1047 -1.05673803591677e-10
0.1048 -1.04143651534793e-10
0.1049 -1.02608389311659e-10
0.105 -1.01067775109734e-10
0.1051 -9.95215952171863e-11
0.1052 -9.79696638886527e-11
0.1053 -9.64118549183333e-11
0.1054 -9.48481622602641e-11
0.1055 -9.32787259422529e-11
0.1056 -9.17038111228139e-11
0.1057 -9.012370849761e-11
0.1058 -8.85386852108718e-11
0.1059 -8.69489497648365e-11
0.106 -8.53546364357712e-11
0.1061 -8.3755732785484e-11
0.1062 -8.21520592383839e-11
0.1063 -8.05433812168291e-11
0.1064 -7.89295029694609e-11
0.1065 -7.73102037518302e-11
0.1066 -7.56851646177694e-11
0.1067 -7.40540023972844e-11
0.1068 -7.24163620985335e-11
0.1069 -7.07719939906896e-11
0.107 -6.91207500264562e-11
0.1071 -6.74626361875021e-11
0.1072 -6.57978381227587e-11
0.1073 -6.41267179331977e-11
0.1074 -6.24498240412143e-11
0.1075 -6.07678730585521e-11
0.1076 -5.90816775339173e-11
0.1077 -5.73920509572515e-11
0.1078 -5.56997847149473e-11
0.1079 -5.40057105021185e-11
0.108 -5.23107048886116e-11
0.1081 -5.0615640250575e-11
0.1082 -4.89213106048243e-11
0.1083 -4.72283820568251e-11
0.1084 -4.55374465609899e-11
0.1085 -4.384905619507e-11
0.1086 -4.21638340158676e-11
0.1087 -4.04825189112994e-11
0.1088 -3.88059856495535e-11
0.1089 -3.71352028916646e-11
0.109 -3.54711872452732e-11
0.1091 -3.38149639968025e-11
0.1092 -3.21674953258755e-11
0.1093 -3.05296438488102e-11
0.1094 -2.89021400326213e-11
0.1095 -2.72855921020938e-11
0.1096 -2.56804888913277e-11
0.1097 -2.40872342986629e-11
0.1098 -2.25061324984122e-11
0.1099 -2.09373073286636e-11
0.11 -1.93806321120862e-11
0.1101 -1.78357859057291e-11
0.1102 -1.63023514446224e-11
0.1103 -1.47798899212341e-11
0.1104 -1.32679729157351e-11
0.1105 -1.17661544508314e-11
0.1106 -1.02739951310023e-11
0.1107 -8.7910979985136e-12
0.1108 -7.31712542805107e-12
0.1109 -5.85183171440176e-12
0.111 -4.39512014225448e-12
0.1111 -2.94702901910044e-12
0.1112 -1.50765269575723e-12
0.1113 -7.70243680891594e-14
0.1114 1.34490240372725e-12
0.1115 2.7582007693885e-12
0.1116 4.16294301358642e-12
0.1117 5.55920421318073e-12
0.1118 6.94709628454131e-12
0.1119 8.3267809752498e-12
0.112 9.69843189469719e-12
0.1121 1.10621329642227e-11
0.1122 1.24178060521975e-11
0.1123 1.37652372130831e-11
0.1124 1.5104196710844e-11
0.1125 1.64345422030538e-11
0.1126 1.77562623457393e-11
0.1127 1.90694375237918e-11
0.1128 2.03741184301766e-11
0.1129 2.16702467364526e-11
0.113 2.29576344874687e-11
0.1131 2.42359692837104e-11
0.1132 2.55048482526225e-11
0.1133 2.6763839783852e-11
0.1134 2.80125925757844e-11
0.1135 2.92508868275329e-11
0.1136 3.04786004207032e-11
0.1137 3.16956109770797e-11
0.1138 3.29017066032647e-11
0.1139 3.40965772619584e-11
0.114 3.52798520785949e-11
0.1141 3.64511401559482e-11
0.1142 3.76100730384806e-11
0.1143 3.87562765604645e-11
0.1144 3.98893682098011e-11
0.1145 4.10090166215165e-11
0.1146 4.21150759759589e-11
0.1147 4.32076655302395e-11
0.1148 4.42871524274784e-11
0.1149 4.53540273144349e-11
0.115 4.6408730757296e-11
0.1151 4.74515885081198e-11
0.1152 4.84827965079547e-11
0.1153 4.95024214644117e-11
0.1154 5.05104168201347e-11
0.1155 5.15066607863581e-11
0.1156 5.24910293227634e-11
0.1157 5.34634324162366e-11
0.1158 5.44238494869608e-11
0.1159 5.53722775774872e-11
0.116 5.63086882230787e-11
0.1161 5.72329229355553e-11
0.1162 5.81446583589111e-11
0.1163 5.90434259416524e-11
0.1164 5.9928682786748e-11
0.1165 6.0799914345857e-11
0.1166 6.1656689062028e-11
0.1167 6.24986251786746e-11
0.1168 6.33253239074305e-11
0.1169 6.41363834442347e-11
0.117 6.4931488150424e-11
0.1171 6.57105074437564e-11
0.1172 6.64734754531874e-11
0.1173 6.72204931615373e-11
0.1174 6.79516150049395e-11
0.1175 6.86668245934387e-11
0.1176 6.93661091500745e-11
0.1177 7.00495202156564e-11
0.1178 7.07171478942726e-11
0.1179 7.13690689797467e-11
0.118 7.20053749660565e-11
0.1181 7.26261341955666e-11
0.1182 7.32313668939201e-11
0.1183 7.38211500396822e-11
0.1184 7.43957986331307e-11
0.1185 7.49559127775101e-11
0.1186 7.55022803341968e-11
0.1187 7.60357556027855e-11
0.1188 7.65572045912615e-11
0.1189 7.70674995755459e-11
0.119 7.7567449356938e-11
0.1191 7.80576990971328e-11
0.1192 7.85387200547595e-11
0.1193 7.90108485750775e-11
0.1194 7.94742999077905e-11
0.1195 7.99291587300257e-11
0.1196 8.03754510486884e-11
0.1197 8.08133042326497e-11
0.1198 8.12430316869478e-11
0.1199 8.16651233506055e-11
0.12 8.20801735337857e-11
0.1201 8.24887622990816e-11
0.1202 8.28913684951522e-11
0.1203 8.32883102830598e-11
0.1204 8.36797725296816e-11
0.1205 8.40658893029342e-11
0.1206 8.44468142327884e-11
0.1207 8.48227574126162e-11
0.1208 8.51940105786905e-11
0.1209 8.5560971016117e-11
0.121 8.59240664079358e-11
0.1211 8.62836134314723e-11
0.1212 8.6639810086138e-11
0.1213 8.699282321387e-11
0.1214 8.73428843035292e-11
0.1215 8.76902913047036e-11
0.1216 8.80353236150392e-11
0.1217 8.83781302742035e-11
0.1218 8.87186929681706e-11
0.1219 8.90569026407783e-11
0.122 8.93925708114449e-11
0.1221 8.97255638871031e-11
0.1222 9.00558390977792e-11
0.1223 9.03834278383777e-11
0.1224 9.07083944723005e-11
0.1225 9.10308824369133e-11
0.1226 9.13511160419823e-11
0.1227 9.16694092588634e-11
0.1228 9.19861201316663e-11
0.1229 9.23016933968429e-11
0.123 9.26167093793668e-11
0.1231 9.29318519645751e-11
0.1232 9.32478243673736e-11
0.1233 9.35651738600951e-11
0.1234 9.38842326042486e-11
0.1235 9.42051328309628e-11
0.1236 9.4527838867392e-11
0.1237 9.4852183015309e-11
0.1238 9.51779197875066e-11
0.1239 9.55047918815904e-11
0.124 9.58325254356593e-11
0.1241 9.61607371022197e-11
0.1242 9.64889014498383e-11
0.1243 9.68163977221778e-11
0.1244 9.71426096107134e-11
0.1245 9.7466984408854e-11
0.1246 9.77890865530642e-11
0.1247 9.81086149537545e-11
0.1248 9.84254118625968e-11
0.1249 9.87394381549224e-11
0.125 9.90506199193239e-11
0.1251 9.93587215405907e-11
0.1252 9.96633308452028e-11
0.1253 9.9963985207114e-11
0.1254 1.00260305544956e-10
0.1255 1.00552043915862e-10
0.1256 1.00838997824033e-10
0.1257 1.01120914823267e-10
0.1258 1.01397469640885e-10
0.1259 1.01668249949253e-10
0.126 1.01932763464898e-10
0.1261 1.02190478999522e-10
0.1262 1.0244081105704e-10
0.1263 1.0268317345654e-10
0.1264 1.02917021643129e-10
0.1265 1.03141905260877e-10
0.1266 1.03357446659564e-10
0.1267 1.03563256696242e-10
0.1268 1.03758907429914e-10
0.1269 1.03943946047666e-10
0.127 1.04117921865328e-10
0.1271 1.04280363285524e-10
0.1272 1.04430795232791e-10
0.1273 1.04568762942842e-10
0.1274 1.0469385712227e-10
0.1275 1.04805732413935e-10
0.1276 1.0490407901156e-10
0.1277 1.04988650875523e-10
0.1278 1.05059286228279e-10
0.1279 1.05115950185777e-10
0.128 1.05158691751464e-10
0.1281 1.05187593377291e-10
0.1282 1.05202695780248e-10
0.1283 1.05204061079001e-10
0.1284 1.05191857639447e-10
0.1285 1.05166437680741e-10
0.1286 1.05128330180037e-10
0.1287 1.05078222077845e-10
0.1288 1.05016890903212e-10
0.1289 1.04945055666383e-10
0.129 1.04863296958181e-10
0.1291 1.04772031598508e-10
0.1292 1.04671521430164e-10
0.1293 1.04561886427349e-10
0.1294 1.04443072013802e-10
0.1295 1.04314929182589e-10
0.1296 1.04177323861538e-10
0.1297 1.04030248791456e-10
0.1298 1.03873804951771e-10
0.1299 1.03708125251133e-10
0.13 1.03533341180246e-10
0.1301 1.03349609159697e-10
0.1302 1.03157071898368e-10
0.1303 1.02955864330035e-10
0.1304 1.0274607356784e-10
0.1305 1.02527741553215e-10
0.1306 1.02300823573946e-10
0.1307 1.02065208207266e-10
0.1308 1.01820815644244e-10
0.1309 1.01567723426436e-10
0.131 1.01306273531564e-10
0.1311 1.01036994530663e-10
0.1312 1.00760464114799e-10
0.1313 1.00477214660485e-10
0.1314 1.00187703132024e-10
0.1315 9.98924031645309e-11
0.1316 9.9591935457409e-11
0.1317 9.92871545719655e-11
0.1318 9.89790529126742e-11
0.1319 9.86685917413836e-11
0.132 9.83566706998144e-11
0.1321 9.80441481018377e-11
0.1322 9.773182439282e-11
0.1323 9.74204128653854e-11
0.1324 9.71105902272302e-11
0.1325 9.68029927788088e-11
0.1326 9.6498120305568e-11
0.1327 9.61962747252989e-11
0.1328 9.58976093556586e-11
0.1329 9.56021877530167e-11
0.133 9.53100158545835e-11
0.1331 9.50210779646532e-11
0.1332 9.47352872654285e-11
0.1333 9.44524110245562e-11
0.1334 9.41720231605307e-11
0.1335 9.3893559934676e-11
0.1336 9.36164231917775e-11
0.1337 9.33399442027162e-11
0.1338 9.3063383284632e-11
0.1339 9.27859640558436e-11
0.134 9.25069772026514e-11
0.1341 9.22257834281405e-11
0.1342 9.19418855498702e-11
0.1343 9.16550331743721e-11
0.1344 9.13652451963667e-11
0.1345 9.10726479919934e-11
0.1346 9.07772724972039e-11
0.1347 9.04789963365371e-11
0.1348 9.01775115983888e-11
0.1349 8.98724361269466e-11
0.135 8.95634192701707e-11
0.1351 8.92501718068428e-11
0.1352 8.89324252124915e-11
0.1353 8.86099067850479e-11
0.1354 8.82823301899638e-11
0.1355 8.79493740106716e-11
0.1356 8.76106835668202e-11
0.1357 8.72659081533097e-11
0.1358 8.69147849541223e-11
0.1359 8.65572006793435e-11
0.136 8.61932422601611e-11
0.1361 8.58231343473045e-11
0.1362 8.54471823657127e-11
0.1363 8.50657216492057e-11
0.1364 8.4679078512692e-11
0.1365 8.42875989855357e-11
0.1366 8.38916628293723e-11
0.1367 8.3491632896157e-11
0.1368 8.30877679726499e-11
0.1369 8.26802062004969e-11
0.137 8.22689708558032e-11
0.1371 8.1854002894318e-11
0.1372 8.14352462455887e-11
0.1373 8.10126861587133e-11
0.1374 8.05862920621065e-11
0.1375 8.01560041794814e-11
0.1376 7.97217930853537e-11
0.1377 7.92837011976409e-11
0.1378 7.88418259019921e-11
0.1379 7.83961980932487e-11
0.138 7.79466757546831e-11
0.1381 7.74929806627942e-11
0.1382 7.70348834706155e-11
0.1383 7.65723989117958e-11
0.1384 7.61058462212111e-11
0.1385 7.56357478947729e-11
0.1386 7.51626283427798e-11
0.1387 7.46869619290078e-11
0.1388 7.42092776570858e-11
0.1389 7.37301741446239e-11
0.139 7.32503699178552e-11
0.1391 7.27707459320498e-11
0.1392 7.22923530164722e-11
0.1393 7.18163197129398e-11
0.1394 7.13436877035036e-11
0.1395 7.08753293847991e-11
0.1396 7.04118891259404e-11
0.1397 6.99538189994055e-11
0.1398 6.95014777694974e-11
0.1399 6.90552145861428e-11
0.14 6.86153998673653e-11
0.1401 6.81823855282148e-11
0.1402 6.77564456409303e-11
0.1403 6.73376945908883e-11
0.1404 6.69260176423473e-11
0.1405 6.65211248173619e-11
0.1406 6.61226895410025e-11
0.1407 6.57304167771392e-11
0.1408 6.53439394149217e-11
0.1409 6.49625892601557e-11
0.141 6.4585304367669e-11
0.1411 6.42108283924571e-11
0.1412 6.38379641619921e-11
0.1413 6.34656657449571e-11
0.1414 6.30929506061302e-11
0.1415 6.2718849757267e-11
0.1416 6.23424098284718e-11
0.1417 6.19627550289592e-11
0.1418 6.15790891850881e-11
0.1419 6.11906504024695e-11
0.142 6.07966644376277e-11
0.1421 6.03963728568637e-11
0.1422 5.99890781249549e-11
0.1423 5.95741628200591e-11
0.1424 5.91510139046495e-11
0.1425 5.87190518383575e-11
0.1426 5.8277785850714e-11
0.1427 5.78268761215294e-11
0.1428 5.73661229647382e-11
0.1429 5.68955047729934e-11
0.143 5.64151747841364e-11
0.1431 5.59254329730801e-11
0.1432 5.54266567932688e-11
0.1433 5.49193683329461e-11
0.1434 5.44042803301029e-11
0.1435 5.38822650154813e-11
0.1436 5.33542544298506e-11
0.1437 5.28211717246619e-11
0.1438 5.22840076933895e-11
0.1439 5.17438033750968e-11
0.144 5.12016222250176e-11
0.1441 5.06585991145767e-11
0.1442 5.01160070668204e-11
0.1443 4.95751735324287e-11
0.1444 4.90373646455979e-11
0.1445 4.85037111750833e-11
0.1446 4.79751568000417e-11
0.1447 4.74524430405835e-11
0.1448 4.69361782123723e-11
0.1449 4.64268919348365e-11
0.145 4.59250294216982e-11
0.1451 4.54308733989131e-11
0.1452 4.49444434736476e-11
0.1453 4.44654846884544e-11
0.1454 4.3993580020828e-11
0.1455 4.3528327503602e-11
0.1456 4.30694026515968e-11
0.1457 4.261649216858e-11
0.1458 4.21692100736927e-11
0.1459 4.17271094691434e-11
0.146 4.1289791289825e-11
0.1461 4.08570043041892e-11
0.1462 4.04286163615444e-11
0.1463 4.00044971372851e-11
0.1464 3.95844066054384e-11
0.1465 3.91679732775915e-11
0.1466 3.87548141384636e-11
0.1467 3.83445994556659e-11
0.1468 3.79370487053872e-11
0.1469 3.75318406074735e-11
0.147 3.71285914946381e-11
0.1471 3.67268868915349e-11
0.1472 3.63262852815846e-11
0.1473 3.59263329817926e-11
0.1474 3.55265643084184e-11
0.1475 3.51264958969752e-11
0.1476 3.47256617830273e-11
0.1477 3.43235666132824e-11
0.1478 3.39196280066029e-11
0.1479 3.35131932843e-11
0.148 3.31036569212736e-11
0.1481 3.26905363861742e-11
0.1482 3.2273472843565e-11
0.1483 3.18521298138256e-11
0.1484 3.14261222915917e-11
0.1485 3.0994996029587e-11
0.1486 3.05582438322237e-11
0.1487 3.01153485899248e-11
0.1488 2.96658582452543e-11
0.1489 2.92094731495617e-11
0.149 2.87460968545404e-11
0.1491 2.82758353235739e-11
0.1492 2.77989862396669e-11
0.1493 2.7316040957202e-11
0.1494 2.68276885057046e-11
0.1495 2.6334799351744e-11
0.1496 2.58383896037876e-11
0.1497 2.53395346799272e-11
0.1498 2.4839296987219e-11
0.1499 2.43387441179555e-11
0.15 2.38390162253095e-11
0.1501 2.33413413526212e-11
0.1502 2.28469272247562e-11
0.1503 2.23568122007462e-11
0.1504 2.18718022192353e-11
0.1505 2.13924863394101e-11
0.1506 2.09192080605802e-11
0.1507 2.04520876410008e-11
0.1508 1.99910887650306e-11
0.1509 1.95361025764782e-11
0.151 1.90869888541039e-11
0.1511 1.86436108735398e-11
0.1512 1.82057474816275e-11
0.1513 1.77730603398536e-11
0.1514 1.73450468233211e-11
0.1515 1.69210555097871e-11
0.1516 1.6500394331342e-11
0.1517 1.60824969668253e-11
0.1518 1.5666927369699e-11
0.1519 1.52533063728705e-11
0.152 1.48412789948318e-11
0.1521 1.44305716407152e-11
0.1522 1.402100310654e-11
0.1523 1.36124559234773e-11
0.1524 1.32047893948716e-11
0.1525 1.27977565303545e-11
0.1526 1.23909536210612e-11
0.1527 1.19838699761613e-11
0.1528 1.15759973094998e-11
0.1529 1.11668939730979e-11
0.153 1.07562154508218e-11
0.1531 1.03437188180272e-11
0.1532 9.92925636018001e-12
0.1533 9.51277223015178e-12
0.1534 9.09429075913441e-12
0.1535 8.67390008347352e-12
0.1536 8.25180009233424e-12
0.1537 7.82833582474082e-12
0.1538 7.40395911968972e-12
0.1539 6.97907096991666e-12
0.154 6.55389584135259e-12
0.1541 6.12843786720835e-12
0.1542 5.70257746788864e-12
0.1543 5.27612334152857e-12
0.1544 4.8488344350246e-12
0.1545 4.42055546594726e-12
0.1546 3.99126276134522e-12
0.1547 3.56095836114377e-12
0.1548 3.12956524006446e-12
0.1549 2.69697188817818e-12
0.155 2.26307767932515e-12
0.1551 1.8277857552249e-12
0.1552 1.39102934913215e-12
0.1553 9.52822192925591e-13
0.1554 5.13247318410142e-13
0.1555 7.24221318575072e-14
0.1556 -3.6953441115712e-13
0.1557 -8.12467213421758e-13
0.1558 -1.25608778536323e-12
0.1559 -1.69991658316551e-12
0.156 -2.1433531386843e-12
0.1561 -2.5858154837302e-12
0.1562 -3.02678411143493e-12
0.1563 -3.46577930099151e-12
0.1564 -3.90233759157821e-12
0.1565 -4.3360332608164e-12
0.1566 -4.7665210428561e-12
0.1567 -5.19357790149717e-12
0.1568 -5.61710604916715e-12
0.1569 -6.0370826909878e-12
0.157 -6.45347719541657e-12
0.1571 -6.86620476574519e-12
0.1572 -7.27518907111762e-12
0.1573 -7.68039839220953e-12
0.1574 -8.08175283962816e-12
0.1575 -8.47903724722892e-12
0.1576 -8.87190858739817e-12
0.1577 -9.26001419486435e-12
0.1578 -9.64303560498942e-12
0.1579 -1.00207359033005e-11
0.158 -1.03929345410866e-11
0.1581 -1.07594708616764e-11
0.1582 -1.11200921734217e-11
0.1583 -1.14743572759519e-11
0.1584 -1.18216345547999e-11
0.1585 -1.2161148768381e-11
0.1586 -1.24920037905557e-11
0.1587 -1.28132690628611e-11
0.1588 -1.31240403315802e-11
0.1589 -1.34234571661234e-11
0.159 -1.37106491195314e-11
0.1591 -1.39847851088822e-11
0.1592 -1.42451752887249e-11
0.1593 -1.44913731023289e-11
0.1594 -1.47232040808869e-11
0.1595 -1.49407227406249e-11
0.1596 -1.51440827132041e-11
0.1597 -1.53334518813495e-11
0.1598 -1.55089663454574e-11
0.1599 -1.56707351855619e-11
0.16 -1.58188824828381e-11
0.1601 -1.59536408722159e-11
0.1602 -1.60754589119747e-11
0.1603 -1.61850331561266e-11
0.1604 -1.62831333705983e-11
0.1605 -1.63703670494921e-11
0.1606 -1.64470954395087e-11
0.1607 -1.65135038794085e-11
0.1608 -1.65696698881072e-11
0.1609 -1.66156152533952e-11
0.161 -1.66513900552821e-11
0.1611 -1.66771915011918e-11
0.1612 -1.66933978263085e-11
0.1613 -1.67005599841026e-11
0.1614 -1.66993594750693e-11
0.1615 -1.66905811825582e-11
0.1616 -1.66750595406236e-11
0.1617 -1.66537417380594e-11
0.1618 -1.6627697712147e-11
0.1619 -1.65981179590519e-11
0.162 -1.65662673419283e-11
0.1621 -1.65334293470242e-11
0.1622 -1.65008430421468e-11
0.1623 -1.64696715179246e-11
0.1624 -1.64409366695171e-11
0.1625 -1.64154962123614e-11
0.1626 -1.63941029252227e-11
0.1627 -1.6377389478949e-11
0.1628 -1.63658680970793e-11
0.1629 -1.6359949898579e-11
0.163 -1.6360019589841e-11
0.1631 -1.63664705273669e-11
0.1632 -1.63796943237673e-11
0.1633 -1.64000066899008e-11
0.1634 -1.64276306301154e-11
0.1635 -1.6462700858468e-11
0.1636 -1.65052838429845e-11
0.1637 -1.6555425435203e-11
0.1638 -1.66131652399003e-11
0.1639 -1.66785142765343e-11
0.164 -1.67513976097843e-11
0.1641 -1.68316441516277e-11
0.1642 -1.69189354576443e-11
0.1643 -1.7012733148361e-11
0.1644 -1.71123023194398e-11
0.1645 -1.72167873873024e-11
0.1646 -1.73252430946175e-11
0.1647 -1.74366575921052e-11
0.1648 -1.75500107199852e-11
0.1649 -1.76643426927868e-11
0.165 -1.77787250015573e-11
0.1651 -1.78922758300396e-11
0.1652 -1.80041497216448e-11
0.1653 -1.81135614282346e-11
0.1654 -1.82197776931932e-11
0.1655 -1.83221089835998e-11
0.1656 -1.84199512626174e-11
0.1657 -1.85128437296353e-11
0.1658 -1.86004399696355e-11
0.1659 -1.86823994180617e-11
0.166 -1.87582373534847e-11
0.1661 -1.88273156453658e-11
0.1662 -1.88888889940866e-11
0.1663 -1.89422079247391e-11
0.1664 -1.89866246464854e-11
0.1665 -1.90216696085266e-11
0.1666 -1.90471035169971e-11
0.1667 -1.90629707490325e-11
0.1668 -1.90695015498588e-11
0.1669 -1.90669548873145e-11
0.167 -1.90555043802743e-11
0.1671 -1.90352430942201e-11
0.1672 -1.90062509941737e-11
0.1673 -1.8968646276712e-11
0.1674 -1.89226312501257e-11
0.1675 -1.88685087159296e-11
0.1676 -1.88066739789609e-11
0.1677 -1.8737591002471e-11
0.1678 -1.86617930082441e-11
0.1679 -1.85798603511395e-11
0.168 -1.84923872294232e-11
0.1681 -1.83999926951557e-11
0.1682 -1.83033767565454e-11
0.1683 -1.82033422589489e-11
0.1684 -1.81006954530253e-11
0.1685 -1.79961264855319e-11
0.1686 -1.78902160278851e-11
0.1687 -1.77834489795101e-11
0.1688 -1.76761552722548e-11
0.1689 -1.75684780412474e-11
0.169 -1.74605102584538e-11
0.1691 -1.73524239501717e-11
0.1692 -1.72445207246203e-11
0.1693 -1.71371930073219e-11
0.1694 -1.70308595729656e-11
0.1695 -1.6925866587659e-11
0.1696 -1.68224314819593e-11
0.1697 -1.67206501852757e-11
0.1698 -1.66205602557476e-11
0.1699 -1.6522240475393e-11
0.17 -1.64258161449626e-11
0.1701 -1.63314376123218e-11
0.1702 -1.62392264272911e-11
0.1703 -1.61492653169107e-11
0.1704 -1.60615502000829e-11
0.1705 -1.59760223982986e-11
0.1706 -1.58926589861156e-11
0.1707 -1.58115489961035e-11
0.1708 -1.57328721953995e-11
0.1709 -1.56567722571051e-11
0.171 -1.55832920988878e-11
0.1711 -1.55124030773282e-11
0.1712 -1.54440485747123e-11
0.1713 -1.53781482086287e-11
0.1714 -1.53145217478873e-11
0.1715 -1.52528452731521e-11
0.1716 -1.51926476641735e-11
0.1717 -1.51333988000226e-11
0.1718 -1.50745435570217e-11
0.1719 -1.50154953536592e-11
0.172 -1.49556640719082e-11
0.1721 -1.48945176552311e-11
0.1722 -1.4831708174823e-11
0.1723 -1.47671405545909e-11
0.1724 -1.47009778815061e-11
0.1725 -1.46335825877245e-11
0.1726 -1.45654582682556e-11
0.1727 -1.44971555271908e-11
0.1728 -1.44292153054206e-11
0.1729 -1.43620965243078e-11
0.173 -1.42961703245905e-11
0.1731 -1.42316700097191e-11
0.1732 -1.41686472109095e-11
0.1733 -1.41069485788327e-11
0.1734 -1.40462841495581e-11
0.1735 -1.39863327386756e-11
0.1736 -1.39269238430997e-11
0.1737 -1.38681215760009e-11
0.1738 -1.38101554561075e-11
0.1739 -1.37532919859186e-11
0.174 -1.36976710415639e-11
0.1741 -1.36431981806832e-11
0.1742 -1.35895107019875e-11
0.1743 -1.35360505500493e-11
0.1744 -1.34821324041652e-11
0.1745 -1.34269533471184e-11
0.1746 -1.33695525852859e-11
0.1747 -1.33088804661644e-11
0.1748 -1.32439619962196e-11
0.1749 -1.3173998348267e-11
0.175 -1.30982744466758e-11
0.1751 -1.30160301049764e-11
0.1752 -1.29265121489627e-11
0.1753 -1.2829088183048e-11
0.1754 -1.27233226453107e-11
0.1755 -1.26089045592547e-11
0.1756 -1.24855732793397e-11
0.1757 -1.23531063809472e-11
0.1758 -1.22113346237641e-11
0.1759 -1.20601754780889e-11
0.176 -1.18996194075622e-11
0.1761 -1.1729763540842e-11
0.1762 -1.15508367239991e-11
0.1763 -1.13632204286945e-11
0.1764 -1.11674146778153e-11
0.1765 -1.09639982221388e-11
0.1766 -1.07535719945238e-11
0.1767 -1.05367140682247e-11
0.1768 -1.03139404815738e-11
0.1769 -1.00856783416334e-11
0.177 -9.85222443963999e-12
0.1771 -9.61380292494425e-12
0.1772 -9.37063535601418e-12
0.1773 -9.12302412728272e-12
0.1774 -8.8714369638484e-12
0.1775 -8.61651624017065e-12
0.1776 -8.35900679282924e-12
0.1777 -8.09973194909742e-12
0.1778 -7.8396049592628e-12
0.1779 -7.57958445518317e-12
0.178 -7.32055290918238e-12
0.1781 -7.06322352018452e-12
0.1782 -6.80816369916795e-12
0.1783 -6.55591581365571e-12
0.1784 -6.30712501599769e-12
0.1785 -6.06252830370719e-12
0.1786 -5.82287626455232e-12
0.1787 -5.58889919350796e-12
0.1788 -5.36133565179887e-12
0.1789 -5.14092246346932e-12
0.179 -4.92830442480065e-12
0.1791 -4.7238994722693e-12
0.1792 -4.52794330528034e-12
0.1793 -4.34062102202702e-12
0.1794 -4.16214711130996e-12
0.1795 -3.99267014632088e-12
0.1796 -3.83216656796342e-12
0.1797 -3.68040448458784e-12
0.1798 -3.53704165335983e-12
0.1799 -3.40173934297302e-12
0.18 -3.27417690409828e-12
0.1801 -3.15397254113193e-12
0.1802 -3.04059268949603e-12
0.1803 -2.93342893469509e-12
0.1804 -2.83186795943533e-12
0.1805 -2.73529499871996e-12
0.1806 -2.64305188970574e-12
0.1807 -2.55440042791648e-12
0.1808 -2.46857206219e-12
0.1809 -2.38483487886663e-12
0.181 -2.30247076218226e-12
0.1811 -2.2207527213301e-12
0.1812 -2.13897038172618e-12
0.1813 -2.05643990608865e-12
0.1814 -1.97243920682095e-12
0.1815 -1.88616156299898e-12
0.1816 -1.79679333615959e-12
0.1817 -1.70360438111842e-12
0.1818 -1.60599319794584e-12
0.1819 -1.50344074279302e-12
0.182 -1.39541548402523e-12
0.1821 -1.28134209492394e-12
0.1822 -1.16067807366467e-12
0.1823 -1.03301633158933e-12
0.1824 -8.98112654921184e-13
0.1825 -7.55901444416776e-13
0.1826 -6.06548811958131e-13
0.1827 -4.50462858615307e-13
0.1828 -2.8816744114531e-13
0.1829 -1.20071758203027e-13
0.183 5.36590004931764e-14
0.1831 2.33061921359237e-13
0.1832 4.18233655115165e-13
0.1833 6.09244424639061e-13
0.1834 8.06165654631887e-13
0.1835 1.00913429648392e-12
0.1836 1.21839080774264e-12
0.1837 1.43422456948058e-12
0.1838 1.65693221408005e-12
0.1839 1.88677820187582e-12
0.184 2.12395658631324e-12
0.1841 2.36856992587558e-12
0.1842 2.62067730754248e-12
0.1843 2.88032692383224e-12
0.1844 3.147538601327e-12
0.1845 3.42227268997217e-12
0.1846 3.70435716202815e-12
0.1847 3.99343537567317e-12
0.1848 4.28900928580317e-12
0.1849 4.59061431330898e-12
0.185 4.89796909736271e-12
0.1851 5.21093815118924e-12
0.1852 5.52926687442518e-12
0.1853 5.85243445950394e-12
0.1854 6.1797329467536e-12
0.1855 6.51046263383602e-12
0.1856 6.8440324760537e-12
0.1857 7.17994684290743e-12
0.1858 7.51773287773318e-12
0.1859 7.85679876346613e-12
0.186 8.19638920193214e-12
0.1861 8.53565476374823e-12
0.1862 8.87366220434905e-12
0.1863 9.20935036742584e-12
0.1864 9.54154422206795e-12
0.1865 9.86904300581777e-12
0.1866 1.01907013970053e-11
0.1867 1.05054448345438e-11
0.1868 1.08122397662498e-11
0.1869 1.11100817697518e-11
0.187 1.13980506695885e-11
0.1871 1.16754078514769e-11
0.1872 1.19416053447904e-11
0.1873 1.21962738479903e-11
0.1874 1.24392307258393e-11
0.1875 1.26705779453668e-11
0.1876 1.28907727918695e-11
0.1877 1.31005617783566e-11
0.1878 1.33007217949562e-11
0.1879 1.34918531513482e-11
0.188 1.3674395117144e-11
0.1881 1.38487235292164e-11
0.1882 1.40151701909785e-11
0.1883 1.4173982338742e-11
0.1884 1.43253263716849e-11
0.1885 1.44693403655557e-11
0.1886 1.46061936372674e-11
0.1887 1.47360689611256e-11
0.1888 1.48591973319244e-11
0.1889 1.49759179798936e-11
0.189 1.50867113418567e-11
0.1891 1.51921643378689e-11
0.1892 1.5292922361981e-11
0.1893 1.53896399799102e-11
0.1894 1.54828877843796e-11
0.1895 1.55730917923429e-11
0.1896 1.56606695753429e-11
0.1897 1.57462102052189e-11
0.1898 1.58305301647964e-11
0.1899 1.59146542418925e-11
0.19 1.59997003571537e-11
0.1901 1.60867491052327e-11
0.1902 1.61767695256878e-11
0.1903 1.62705567303654e-11
0.1904 1.63686787795251e-11
0.1905 1.64714857423803e-11
0.1906 1.65792063107357e-11
0.1907 1.66920642608436e-11
0.1908 1.68103523142881e-11
0.1909 1.69344324775354e-11
0.191 1.70646571962337e-11
0.1911 1.72012441971284e-11
0.1912 1.73442121692639e-11
0.1913 1.74933971334368e-11
0.1914 1.76485613969224e-11
0.1915 1.78094544684664e-11
0.1916 1.7975818992328e-11
0.1917 1.81473415444471e-11
0.1918 1.83236835315697e-11
0.1919 1.85045526792263e-11
0.192 1.86896517755176e-11
0.1921 1.88785616409888e-11
0.1922 1.90707355138822e-11
0.1923 1.92656188331206e-11
0.1924 1.94627077966943e-11
0.1925 1.96615073993773e-11
0.1926 1.9861389658497e-11
0.1927 2.00615474592575e-11
0.1928 2.02610521150472e-11
0.1929 2.04589248939316e-11
0.193 2.06542319013287e-11
0.1931 2.08462099435372e-11
0.1932 2.1034310093291e-11
0.1933 2.12181008676323e-11
0.1934 2.13971878576725e-11
0.1935 2.15712008137536e-11
0.1936 2.1739790495134e-11
0.1937 2.19025964107823e-11
0.1938 2.20592193534368e-11
0.1939 2.22092699504163e-11
0.194 2.23524435355286e-11
0.1941 2.2488553613529e-11
0.1942 2.26175010832235e-11
0.1943 2.27392785031823e-11
0.1944 2.28540534044707e-11
0.1945 2.29622033842929e-11
0.1946 2.30642345253049e-11
0.1947 2.31606520057202e-11
0.1948 2.32519385508828e-11
0.1949 2.33386584618787e-11
0.195 2.34215327171766e-11
0.1951 2.35014116759521e-11
0.1952 2.357924811871e-11
0.1953 2.36560140322875e-11
0.1954 2.37325834962192e-11
0.1955 2.38096427606609e-11
0.1956 2.3887726726628e-11
0.1957 2.39672643962843e-11
0.1958 2.40486505136034e-11
0.1959 2.41323164274246e-11
0.196 2.4218729573904e-11
0.1961 2.43083908021374e-11
0.1962 2.44018306643833e-11
0.1963 2.44996450043211e-11
0.1964 2.46024648420071e-11
0.1965 2.47108747471179e-11
0.1966 2.48252729711046e-11
0.1967 2.49458125007492e-11
0.1968 2.50724551926875e-11
0.1969 2.52050750966458e-11
0.197 2.53434877002668e-11
0.1971 2.5487439000614e-11
0.1972 2.56365764146822e-11
0.1973 2.57904702613685e-11
0.1974 2.59486568741202e-11
0.1975 2.61107155225067e-11
0.1976 2.62763126375643e-11
0.1977 2.64452243707133e-11
0.1978 2.66173595665971e-11
0.1979 2.67927138928896e-11
0.198 2.69712258558369e-11
0.1981 2.71526189363779e-11
0.1982 2.73363999517643e-11
0.1983 2.75219120419354e-11
0.1984 2.77084081080678e-11
0.1985 2.78951201227845e-11
0.1986 2.80813803363203e-11
0.1987 2.82667084019873e-11
0.1988 2.8450837001482e-11
0.1989 2.86336205756923e-11
0.199 2.88149150990795e-11
0.1991 2.89944934666969e-11
0.1992 2.91720609702273e-11
0.1993 2.93473026518606e-11
0.1994 2.95199206847993e-11
0.1995 2.96896663829481e-11
0.1996 2.98563562385325e-11
0.1997 3.00198731542374e-11
0.1998 3.01801597401662e-11
0.1999 3.03372357627389e-11
0.2 3.04912389288368e-11
0.2001 3.06423870118674e-11
0.2002 3.07909117519088e-11
0.2003 3.09370041308654e-11
0.2004 3.10807521117746e-11
0.2005 3.12220528402256e-11
0.2006 3.13606380221921e-11
0.2007 3.14961177186897e-11
0.2008 3.16280391927933e-11
0.2009 3.17559484785097e-11
0.201 3.18793586715114e-11
0.2011 3.19977136352645e-11
0.2012 3.21104577614855e-11
0.2013 3.22171453427092e-11
0.2014 3.2317460852667e-11
0.2015 3.24111973231176e-11
0.2016 3.24981847752489e-11
0.2017 3.25782369769039e-11
0.2018 3.26511146396372e-11
0.2019 3.27165621210987e-11
0.202 3.2774380553951e-11
0.2021 3.28244285020613e-11
0.2022 3.28665551714789e-11
0.2023 3.29005752458705e-11
0.2024 3.29263629366949e-11
0.2025 3.29439593490972e-11
0.2026 3.29535267270475e-11
0.2027 3.2955169692639e-11
0.2028 3.29487731472629e-11
0.2029 3.29339746150496e-11
0.203 3.29102529602213e-11
0.2031 3.28770757499227e-11
0.2032 3.28340048107962e-11
0.2033 3.27807204364654e-11
0.2034 3.27170831263632e-11
0.2035 3.26432349443257e-11
0.2036 3.25596932528553e-11
0.2037 3.24673135253889e-11
0.2038 3.23670612537524e-11
0.2039 3.22597354988937e-11
0.204 3.21458131740773e-11
0.2041 3.20255442114521e-11
0.2042 3.18991450742125e-11
0.2043 3.17669399905333e-11
0.2044 3.16294025741517e-11
0.2045 3.14871280993219e-11
0.2046 3.13407611366233e-11
0.2047 3.11909144939931e-11
0.2048 3.10381314699157e-11
0.2049 3.08829168731457e-11
0.205 3.07257883505145e-11
0.2051 3.05673351328043e-11
0.2052 3.04081645881153e-11
0.2053 3.0248832184954e-11
0.2054 3.00898044922781e-11
0.2055 2.99314524858395e-11
0.2056 2.97740545737981e-11
0.2057 2.96178050569181e-11
0.2058 2.94627779781359e-11
0.2059 2.93089162437586e-11
0.206 2.91560818053804e-11
0.2061 2.90040933474985e-11
0.2062 2.88527482615735e-11
0.2063 2.87017868809722e-11
0.2064 2.85508904195808e-11
0.2065 2.83997130026708e-11
0.2066 2.82479748857428e-11
0.2067 2.80954852472152e-11
0.2068 2.79421849660148e-11
0.2069 2.77881883626816e-11
0.207 2.76338058774126e-11
0.2071 2.74794447570134e-11
0.2072 2.73255122482828e-11
0.2073 2.71724070292226e-11
0.2074 2.70205470023159e-11
0.2075 2.6870364328184e-11
0.2076 2.672221580884e-11
0.2077 2.65762995801455e-11
0.2078 2.64326868139848e-11
0.2079 2.62914553921898e-11
0.208 2.61527853072872e-11
0.2081 2.60169571496965e-11
0.2082 2.58843118628192e-11
0.2083 2.57551791154376e-11
0.2084 2.56298645926561e-11
0.2085 2.5508619273962e-11
0.2086 2.5391579525986e-11
0.2087 2.5278803072685e-11
0.2088 2.51703699475866e-11
0.2089 2.50664445092634e-11
0.209 2.49672438481989e-11
0.2091 2.48729998260796e-11
0.2092 2.47839208359337e-11
0.2093 2.47001492130334e-11
0.2094 2.4621730428738e-11
0.2095 2.45486138375921e-11
0.2096 2.44806712184096e-11
0.2097 2.44177136178438e-11
0.2098 2.43594910186393e-11
0.2099 2.43056891468411e-11
0.21 2.42559924712311e-11
0.2101 2.42101997386153e-11
0.2102 2.41683168548549e-11
0.2103 2.41304871878144e-11
0.2104 2.40968570007792e-11
0.2105 2.40674964811887e-11
0.2106 2.40423653064798e-11
0.2107 2.40213015785806e-11
0.2108 2.40040423177029e-11
0.2109 2.39902843591796e-11
0.211 2.3979712179004e-11
0.2111 2.39720507309705e-11
0.2112 2.39670436675587e-11
0.2113 2.39643887304479e-11
0.2114 2.39637011955006e-11
0.2115 2.39645465020931e-11
0.2116 2.39664698087381e-11
0.2117 2.39689810213033e-11
0.2118 2.39715008190073e-11
0.2119 2.39733439216747e-11
0.212 2.39737432213477e-11
0.2121 2.39719113535388e-11
0.2122 2.3967098136744e-11
0.2123 2.39586263747935e-11
0.2124 2.39458815753761e-11
0.2125 2.39282897714321e-11
0.2126 2.39053761574864e-11
0.2127 2.38768422404739e-11
0.2128 2.38426209826148e-11
0.2129 2.38028401029264e-11
0.213 2.37577657036559e-11
0.2131 2.37077330772939e-11
0.2132 2.36531014059323e-11
0.2133 2.35942355543788e-11
0.2134 2.35315128264491e-11
0.2135 2.34652878835767e-11
0.2136 2.33958426699583e-11
0.2137 2.3323377285572e-11
0.2138 2.32480051371229e-11
0.2139 2.31697305843874e-11
0.214 2.30885075582498e-11
0.2141 2.30043647265333e-11
0.2142 2.29175063652988e-11
0.2143 2.28282335434675e-11
0.2144 2.27367659840457e-11
0.2145 2.26431190542559e-11
0.2146 2.25471437479026e-11
0.2147 2.24486042130755e-11
0.2148 2.23472156104644e-11
0.2149 2.22426826813982e-11
0.215 2.21347424181221e-11
0.2151 2.20232120797523e-11
0.2152 2.1907989101913e-11
0.2153 2.17890165435777e-11
0.2154 2.16662028481499e-11
0.2155 2.1539422031641e-11
0.2156 2.14085805822363e-11
0.2157 2.12736662676307e-11
0.2158 2.11346960649491e-11
0.2159 2.09916684009521e-11
0.216 2.0844585409219e-11
0.2161 2.06934366834632e-11
0.2162 2.05382218973714e-11
0.2163 2.03790851348801e-11
0.2164 2.02164022927296e-11
0.2165 2.0050740901266e-11
0.2166 1.98827302421518e-11
0.2167 1.97129902647016e-11
0.2168 1.95420567470345e-11
0.2169 1.93703396483415e-11
0.217 1.91981447974488e-11
0.2171 1.90256945090026e-11
0.2172 1.88531662306737e-11
0.2173 1.86807099558916e-11
0.2174 1.85084742309766e-11
0.2175 1.83366213713794e-11
0.2176 1.81652915001397e-11
0.2177 1.7994568687724e-11
0.2178 1.78244546316202e-11
0.2179 1.76549020222066e-11
0.218 1.74859060893185e-11
0.2181 1.73175613148595e-11
0.2182 1.71499971670142e-11
0.2183 1.69832957113834e-11
0.2184 1.68174803419033e-11
0.2185 1.66525725940542e-11
0.2186 1.64886822653558e-11
0.2187 1.63261294285194e-11
0.2188 1.61655302197478e-11
0.2189 1.60077846658463e-11
0.219 1.58539154215653e-11
0.2191 1.57048911470422e-11
0.2192 1.55615785191921e-11
0.2193 1.54247458997464e-11
0.2194 1.52950244214923e-11
0.2195 1.51728079146199e-11
0.2196 1.5058169255952e-11
0.2197 1.49508567526138e-11
0.2198 1.48503246382454e-11
0.2199 1.47558794718839e-11
0.22 1.46668460822055e-11
0.2201 1.45826426987419e-11
0.2202 1.45027491341139e-11
0.2203 1.44266609540276e-11
0.2204 1.43539295393473e-11
0.2205 1.42842353469364e-11
0.2206 1.42174422784885e-11
0.2207 1.41536328896353e-11
0.2208 1.40931222820484e-11
0.2209 1.40363990906894e-11
0.221 1.3984004658744e-11
0.2211 1.39364807122258e-11
0.2212 1.38944362049347e-11
0.2213 1.38585481603933e-11
0.2214 1.38294036405956e-11
0.2215 1.38073233192962e-11
0.2216 1.37923296552855e-11
0.2217 1.37842872836113e-11
0.2218 1.37830284724289e-11
0.2219 1.37884276138478e-11
0.222 1.38003998274057e-11
0.2221 1.38188446823359e-11
0.2222 1.38435585785887e-11
0.2223 1.38742320874291e-11
0.2224 1.39104666859966e-11
0.2225 1.39517842986746e-11
0.2226 1.39976644196647e-11
0.2227 1.40476352964165e-11
0.2228 1.41012996805743e-11
0.2229 1.41583423032169e-11
0.223 1.42185298478303e-11
0.2231 1.42816803816392e-11
0.2232 1.4347527961835e-11
0.2233 1.4415624376028e-11
0.2234 1.44853397570716e-11
0.2235 1.45559481392802e-11
0.2236 1.46267353661384e-11
0.2237 1.46970205113141e-11
0.2238 1.47661195307503e-11
0.2239 1.48332811026914e-11
0.224 1.48976607706935e-11
0.2241 1.49583281073196e-11
0.2242 1.50143342557041e-11
0.2243 1.50648618097932e-11
0.2244 1.51093096080157e-11
0.2245 1.5147275456498e-11
0.2246 1.51784894376385e-11
0.2247 1.52027910100115e-11
0.2248 1.52201464419015e-11
0.2249 1.52307186609017e-11
0.225 1.52349065853968e-11
0.2251 1.52333486373079e-11
0.2252 1.52268706165256e-11
0.2253 1.52163723353111e-11
0.2254 1.52027175793076e-11
0.2255 1.51866906318241e-11
0.2256 1.51689898926757e-11
0.2257 1.51502473429461e-11
0.2258 1.51310436276213e-11
0.2259 1.51119099797205e-11
0.226 1.50932621399226e-11
0.2261 1.50753304558772e-11
0.2262 1.50581943288131e-11
0.2263 1.50418618252255e-11
0.2264 1.50263715234731e-11
0.2265 1.50118512403287e-11
0.2266 1.49984590080563e-11
0.2267 1.49863035812525e-11
0.2268 1.49753655701155e-11
0.2269 1.4965472158428e-11
0.227 1.49563728039574e-11
0.2271 1.49478685468857e-11
0.2272 1.49399109145217e-11
0.2273 1.49326308905985e-11
0.2274 1.49262710998081e-11
0.2275 1.49210870187719e-11
0.2276 1.49173107609481e-11
0.2277 1.49151535592165e-11
0.2278 1.49148034387494e-11
0.2279 1.49164538459309e-11
0.228 1.49203307169418e-11
0.2281 1.49266469549258e-11
0.2282 1.49355138475145e-11
0.2283 1.49469629123764e-11
0.2284 1.49609872872794e-11
0.2285 1.49775751504323e-11
0.2286 1.49966931265295e-11
0.2287 1.50183084477232e-11
0.2288 1.50424278493017e-11
0.2289 1.50691999758344e-11
0.229 1.50989822227362e-11
0.2291 1.51322928279861e-11
0.2292 1.51697541307558e-11
0.2293 1.52121151547098e-11
0.2294 1.52602402807945e-11
0.2295 1.53150356895071e-11
0.2296 1.5377395858082e-11
0.2297 1.54481583371498e-11
0.2298 1.55280869548724e-11
0.2299 1.56178278281615e-11
0.23 1.5717830640824e-11
0.2301 1.58282416792428e-11
0.2302 1.5948847756685e-11
0.2303 1.6079150362047e-11
0.2304 1.62185261777268e-11
0.2305 1.6366317236836e-11
0.2306 1.65217759909444e-11
0.2307 1.66839402262695e-11
0.2308 1.68516931038665e-11
0.2309 1.70239685457334e-11
0.231 1.71998876395564e-11
0.2311 1.73787610317513e-11
0.2312 1.75599819615122e-11
0.2313 1.77429576537802e-11
0.2314 1.79270927822428e-11
0.2315 1.81117858667208e-11
0.2316 1.82964214522236e-11
0.2317 1.84803355919744e-11
0.2318 1.86627996241072e-11
0.2319 1.88430448681277e-11
0.232 1.9020321584254e-11
0.2321 1.91939751119633e-11
0.2322 1.93634477847756e-11
0.2323 1.95282633123419e-11
0.2324 1.96880556204888e-11
0.2325 1.98426263941705e-11
0.2326 1.99919251668637e-11
0.2327 2.01359498284253e-11
0.2328 2.02745804478308e-11
0.2329 2.04074881065756e-11
0.233 2.05341124550261e-11
0.2331 2.06537324074497e-11
0.2332 2.07655886583046e-11
0.2333 2.08690254372356e-11
0.2334 2.09635675528587e-11
0.2335 2.10489327564174e-11
0.2336 2.11249654978668e-11
0.2337 2.11915627102071e-11
0.2338 2.12486271394097e-11
0.2339 2.1296071168001e-11
0.234 2.1333814855102e-11
0.2341 2.13618165459774e-11
0.2342 2.13800960641546e-11
0.2343 2.13887323742512e-11
0.2344 2.13878465019279e-11
0.2345 2.13775700278298e-11
0.2346 2.13579948345374e-11
0.2347 2.13291188681703e-11
0.2348 2.12908620998545e-11
0.2349 2.12431726892786e-11
0.235 2.11861020450268e-11
0.2351 2.11198033216355e-11
0.2352 2.10445056842764e-11
0.2353 2.09605548888838e-11
0.2354 2.08685322978868e-11
0.2355 2.07693015230152e-11
0.2356 2.06638772820435e-11
0.2357 2.05532153945994e-11
0.2358 2.04380963685032e-11
0.2359 2.03191278443443e-11
0.236 2.01968281703145e-11
0.2361 2.00717376501221e-11
0.2362 1.99445062001439e-11
0.2363 1.98158948938079e-11
0.2364 1.96866930223034e-11
0.2365 1.95575864871561e-11
0.2366 1.94291027684852e-11
0.2367 1.93016237023853e-11
0.2368 1.91754744078104e-11
0.2369 1.90510130919032e-11
0.237 1.89286830381064e-11
0.2371 1.88089875632315e-11
0.2372 1.86923965667869e-11
0.2373 1.85792593068203e-11
0.2374 1.84697259972384e-11
0.2375 1.83638050720001e-11
0.2376 1.82615070799749e-11
0.2377 1.81629569363794e-11
0.2378 1.80683737961382e-11
0.2379 1.79779299988642e-11
0.238 1.78916749706696e-11
0.2381 1.78096357255635e-11
0.2382 1.77319315495351e-11
0.2383 1.76587307081324e-11
0.2384 1.75901774139299e-11
0.2385 1.75263298028849e-11
0.2386 1.74671813344452e-11
0.2387 1.74127244375302e-11
0.2388 1.73630062231951e-11
0.2389 1.73181444812343e-11
0.239 1.72782549110415e-11
0.2391 1.72433224433715e-11
0.2392 1.72131146052027e-11
0.2393 1.7187256364428e-11
0.2394 1.71654286922408e-11
0.2395 1.71475900045503e-11
0.2396 1.71341114631878e-11
0.2397 1.71256057974123e-11
0.2398 1.71226516348006e-11
0.2399 1.71257028174492e-11
0.24 1.71352019907715e-11
0.2401 1.71515724244358e-11
0.2402 1.7175101151983e-11
0.2403 1.72058681236138e-11
0.2404 1.72436954732796e-11
0.2405 1.72881223741417e-11
0.2406 1.73384598668067e-11
0.2407 1.73939708498436e-11
0.2408 1.74540243561315e-11
0.2409 1.75181536237463e-11
0.241 1.75859994967511e-11
0.2411 1.76572418448082e-11
0.2412 1.77315782656406e-11
0.2413 1.78087302599804e-11
0.2414 1.78884529189041e-11
0.2415 1.79705424783243e-11
0.2416 1.80548808642332e-11
0.2417 1.81414197037984e-11
0.2418 1.82301331689963e-11
0.2419 1.83209715512259e-11
0.242 1.84138531759979e-11
0.2421 1.85086929958166e-11
0.2422 1.86054156492661e-11
0.2423 1.87039282319427e-11
0.2424 1.88041383700804e-11
0.2425 1.89059957284281e-11
0.2426 1.90094722411209e-11
0.2427 1.91144356995767e-11
0.2428 1.92205675394496e-11
0.2429 1.93274693642795e-11
0.243 1.94348035933344e-11
0.2431 1.9542328838361e-11
0.2432 1.96499165645232e-11
0.2433 1.97575434474976e-11
0.2434 1.98652884121437e-11
0.2435 1.997325636955e-11
0.2436 2.0081513171156e-11
0.2437 2.01900564868581e-11
0.2438 2.02988361921051e-11
0.2439 2.0407754143546e-11
0.244 2.05166158045115e-11
0.2441 2.06250662261439e-11
0.2442 2.07325886978817e-11
0.2443 2.08385778957533e-11
0.2444 2.09424046100907e-11
0.2445 2.10434275254886e-11
0.2446 2.11409702167006e-11
0.2447 2.12343627153979e-11
0.2448 2.13229509769657e-11
0.2449 2.14060609598323e-11
0.245 2.14830030551919e-11
0.2451 2.15530942820432e-11
0.2452 2.16157224479152e-11
0.2453 2.16703773464276e-11
0.2454 2.17166704068046e-11
0.2455 2.17543128493141e-11
0.2456 2.17831078736851e-11
0.2457 2.18029712341249e-11
0.2458 2.1813946458657e-11
0.2459 2.18162616254902e-11
0.246 2.18103583323318e-11
0.2461 2.17968217640282e-11
0.2462 2.17762993836008e-11
0.2463 2.17494678826575e-11
0.2464 2.171700744043e-11
0.2465 2.1679541954158e-11
0.2466 2.16375643488449e-11
0.2467 2.15914053014045e-11
0.2468 2.15412204193301e-11
0.2469 2.14870512208194e-11
0.247 2.14288785877306e-11
0.2471 2.13666385688959e-11
0.2472 2.13002225894299e-11
0.2473 2.12295502962629e-11
0.2474 2.11546136311001e-11
0.2475 2.10754875510831e-11
0.2476 2.09922377284681e-11
0.2477 2.09048745680264e-11
0.2478 2.08133907127635e-11
0.2479 2.07178007098914e-11
0.248 2.0618164139478e-11
0.2481 2.05146362945274e-11
0.2482 2.04075437253054e-11
0.2483 2.02974388997856e-11
0.2484 2.0185087106277e-11
0.2485 2.00713539229137e-11
0.2486 1.99570703943276e-11
0.2487 1.98429064879821e-11
0.2488 1.97293053182361e-11
0.2489 1.96164747621763e-11
0.249 1.9504441581944e-11
0.2491 1.93931857682471e-11
0.2492 1.92827644451774e-11
0.2493 1.91733662999552e-11
0.2494 1.90652309973465e-11
0.2495 1.89586015457255e-11
0.2496 1.88537045309727e-11
0.2497 1.87507223935521e-11
0.2498 1.86498020395767e-11
0.2499 1.85510866126628e-11
0.25 1.84547507830685e-11
0.2501 1.83610208570946e-11
0.2502 1.8270190946668e-11
0.2503 1.81826094073392e-11
0.2504 1.80986800046468e-11
0.2505 1.80187937673131e-11
0.2506 1.79432741501377e-11
0.2507 1.78723342794568e-11
0.2508 1.78060440775566e-11
0.2509 1.77442348528527e-11
0.251 1.76864677559771e-11
0.2511 1.76320847232404e-11
0.2512 1.75802807147738e-11
0.2513 1.75301705113495e-11
0.2514 1.74807587768561e-11
0.2515 1.74308875598464e-11
0.2516 1.73792566223413e-11
0.2517 1.7324498075697e-11
0.2518 1.72652696543446e-11
0.2519 1.72003548336734e-11
0.252 1.71287336163744e-11
0.2521 1.70495525462851e-11
0.2522 1.69620567856722e-11
0.2523 1.68656159274433e-11
0.2524 1.67597545370151e-11
0.2525 1.66441473464654e-11
0.2526 1.65186111161349e-11
0.2527 1.63831184425945e-11
0.2528 1.62377729165017e-11
0.2529 1.60827636913369e-11
0.253 1.59183570678033e-11
0.2531 1.57448912064995e-11
0.2532 1.55628045867114e-11
0.2533 1.53726779937721e-11
0.2534 1.51752431784937e-11
0.2535 1.4971346050743e-11
0.2536 1.4761861846943e-11
0.2537 1.45476581874948e-11
0.2538 1.43296381614781e-11
0.2539 1.41087921752348e-11
0.254 1.38861250919319e-11
0.2541 1.36625642615728e-11
0.2542 1.34389510111788e-11
0.2543 1.3216081703539e-11
0.2544 1.29947437888735e-11
0.2545 1.27757210266974e-11
0.2546 1.25598024657561e-11
0.2547 1.23477759397884e-11
0.2548 1.21404301579282e-11
0.2549 1.19385178918387e-11
0.255 1.174269897778e-11
0.2551 1.15534886404457e-11
0.2552 1.13712201758092e-11
0.2553 1.11960454502516e-11
0.2554 1.10279572343522e-11
0.2555 1.08668474089537e-11
0.2556 1.07125282273805e-11
0.2557 1.05647089166962e-11
0.2558 1.0423062716377e-11
0.2559 1.0287351628422e-11
0.256 1.01574117804937e-11
0.2561 1.00329674409058e-11
0.2562 9.91354131356672e-12
0.2563 9.79855490701783e-12
0.2564 9.68745369099535e-12
0.2565 9.57975656316502e-12
0.2566 9.47506869016161e-12
0.2567 9.37315199903566e-12
0.2568 9.2740046941571e-12
0.2569 9.17790093976916e-12
0.257 9.08529298208653e-12
0.2571 8.99663388080087e-12
0.2572 8.9122885788525e-12
0.2573 8.83252645978882e-12
0.2574 8.757544393387e-12
0.2575 8.68748451804456e-12
0.2576 8.62249337520738e-12
0.2577 8.56274934200042e-12
0.2578 8.50841319995926e-12
0.2579 8.45957190968193e-12
0.258 8.41621744291182e-12
0.2581 8.37825971799007e-12
0.2582 8.34548277029144e-12
0.2583 8.31749081008202e-12
0.2584 8.29367970811235e-12
0.2585 8.27335317244315e-12
0.2586 8.25589081483565e-12
0.2587 8.24083965985937e-12
0.2588 8.22792267802928e-12
0.2589 8.21698121858361e-12
0.259 8.20788986017968e-12
0.2591 8.20050641565994e-12
0.2592 8.19472802372685e-12
0.2593 8.19056039340976e-12
0.2594 8.18809571157592e-12
0.2595 8.18748305370265e-12
0.2596 8.18886329872001e-12
0.2597 8.19232129338469e-12
0.2598 8.19787999660097e-12
0.2599 8.20551527107227e-12
0.26 8.21519525067392e-12
0.2601 8.22683925114012e-12
0.2602 8.24021017438849e-12
0.2603 8.25487192136756e-12
0.2604 8.27030995288269e-12
0.2605 8.28609477012988e-12
0.2606 8.30197934810167e-12
0.2607 8.31791988425931e-12
0.2608 8.33405907345964e-12
0.2609 8.35064320300874e-12
0.261 8.36790005905826e-12
0.2611 8.3859452700961e-12
0.2612 8.40471518483103e-12
0.2613 8.42393637811182e-12
0.2614 8.44319487455896e-12
0.2615 8.46205964722551e-12
0.2616 8.48014538444237e-12
0.2617 8.49708585737108e-12
0.2618 8.51250518252262e-12
0.2619 8.52600494012864e-12
0.262 8.53713473750632e-12
0.2621 8.54544255005958e-12
0.2622 8.55053008823887e-12
0.2623 8.55203727020696e-12
0.2624 8.54961230352823e-12
0.2625 8.54298670905244e-12
0.2626 8.53204668909221e-12
0.2627 8.51682309427819e-12
0.2628 8.49736508630631e-12
0.2629 8.47365105624391e-12
0.263 8.4456525621693e-12
0.2631 8.41340220869481e-12
0.2632 8.37700452730461e-12
0.2633 8.33660560781231e-12
0.2634 8.292328201277e-12
0.2635 8.2442447535186e-12
0.2636 8.19236117132159e-12
0.2637 8.13667278676799e-12
0.2638 8.07725847105024e-12
0.2639 8.01437702853891e-12
0.264 7.9485012465262e-12
0.2641 7.88024889146547e-12
0.2642 7.81029678584245e-12
0.2643 7.73933708959536e-12
0.2644 7.66805363465916e-12
0.2645 7.59711827911548e-12
0.2646 7.52718638727145e-12
0.2647 7.45885828292553e-12
0.2648 7.39268051321508e-12
0.2649 7.32913605962108e-12
0.265 7.26861636201407e-12
0.2651 7.21140806109976e-12
0.2652 7.15780647808372e-12
0.2653 7.10824279348587e-12
0.2654 7.06331536906943e-12
0.2655 7.02371796751113e-12
0.2656 6.99020130169727e-12
0.2657 6.96357965870433e-12
0.2658 6.94471888083418e-12
0.2659 6.93439101972505e-12
0.266 6.93317273406102e-12
0.2661 6.94145923589406e-12
0.2662 6.9594753048314e-12
0.2663 6.98723615297789e-12
0.2664 7.02448795682209e-12
0.2665 7.07068923143117e-12
0.2666 7.12503450528696e-12
0.2667 7.18653267725208e-12
0.2668 7.25408960628729e-12
0.2669 7.32653396697327e-12
0.267 7.40265181175169e-12
0.2671 7.48122284341064e-12
0.2672 7.56108187185091e-12
0.2673 7.64111753669752e-12
0.2674 7.72023624471083e-12
0.2675 7.7973145253664e-12
0.2676 7.87116861099764e-12
0.2677 7.94055291237745e-12
0.2678 8.00428968315677e-12
0.2679 8.06142298998542e-12
0.268 8.11133501261337e-12
0.2681 8.15373277142719e-12
0.2682 8.18850603766416e-12
0.2683 8.21554956952917e-12
0.2684 8.23464136285436e-12
0.2685 8.24546565740938e-12
0.2686 8.24770486386731e-12
0.2687 8.24116259962707e-12
0.2688 8.22582700931395e-12
0.2689 8.20190407698282e-12
0.269 8.16973367897894e-12
0.2691 8.12970896488491e-12
0.2692 8.08225195570022e-12
0.2693 8.02787403467946e-12
0.2694 7.96715100846579e-12
0.2695 7.90057974594486e-12
0.2696 7.82847183147184e-12
0.2697 7.75099715411233e-12
0.2698 7.66831851760077e-12
0.2699 7.58063625985321e-12
0.27 7.48815454201294e-12
0.2701 7.39103683448946e-12
0.2702 7.28943549396498e-12
0.2703 7.18359253600798e-12
0.2704 7.0738540719168e-12
0.2705 6.96055709243948e-12
0.2706 6.84389945312955e-12
0.2707 6.72393442246991e-12
0.2708 6.60064110472164e-12
0.2709 6.4740006117951e-12
0.271 6.34399637101812e-12
0.2711 6.21057346274869e-12
0.2712 6.07363142980935e-12
0.2713 5.93311153273976e-12
0.2714 5.7890908200613e-12
0.2715 5.64180859553711e-12
0.2716 5.49159740678351e-12
0.2717 5.33883902329448e-12
0.2718 5.18392224899674e-12
0.2719 5.02718393855386e-12
0.272 4.86883490255059e-12
0.2721 4.70892921371307e-12
0.2722 4.54742391365731e-12
0.2723 4.38431314775611e-12
0.2724 4.2197910500743e-12
0.2725 4.05429556203905e-12
0.2726 3.88842162633831e-12
0.2727 3.72285985741177e-12
0.2728 3.55838684655745e-12
0.2729 3.39584472078015e-12
0.273 3.23613894499004e-12
0.2731 3.08021095419592e-12
0.2732 2.92904777214334e-12
0.2733 2.78359807787817e-12
0.2734 2.64468690205689e-12
0.2735 2.51298772907837e-12
0.2736 2.38904578679724e-12
0.2737 2.27329681354823e-12
0.2738 2.16612561849202e-12
0.2739 2.06792124287962e-12
0.274 1.97907387829942e-12
0.2741 1.89994387510601e-12
0.2742 1.83087460464048e-12
0.2743 1.77226933335413e-12
0.2744 1.72458458121259e-12
0.2745 1.6882301701235e-12
0.2746 1.66344450436357e-12
0.2747 1.65023651444503e-12
0.2748 1.64842764517418e-12
0.2749 1.65776547706372e-12
0.275 1.67796152752337e-12
0.2751 1.70863603687436e-12
0.2752 1.74924807315801e-12
0.2753 1.79905487409734e-12
0.2754 1.85717350850358e-12
0.2755 1.92265963814672e-12
0.2756 1.99455283493134e-12
0.2757 2.07185895751891e-12
0.2758 2.15347829398355e-12
0.2759 2.23819215458296e-12
0.276 2.32471275499864e-12
0.2761 2.41179048768749e-12
0.2762 2.49833511448324e-12
0.2763 2.58344638210837e-12
0.2764 2.66637147053197e-12
0.2765 2.74645042324281e-12
0.2766 2.82310762644292e-12
0.2767 2.89586094291409e-12
0.2768 2.96430469171873e-12
0.2769 3.0280932120171e-12
0.277 3.08688082749026e-12
0.2771 3.14027045304653e-12
0.2772 3.1878370279552e-12
0.2773 3.22917184547341e-12
0.2774 3.26387386907627e-12
0.2775 3.29157941887384e-12
0.2776 3.31200600354558e-12
0.2777 3.32493714538618e-12
0.2778 3.33024486467446e-12
0.2779 3.32797448926069e-12
0.278 3.31841486205642e-12
0.2781 3.30207465025415e-12
0.2782 3.27958894724835e-12
0.2783 3.25161439964086e-12
0.2784 3.21874273974691e-12
0.2785 3.18150140455901e-12
0.2786 3.14043017100892e-12
0.2787 3.09617518648795e-12
0.2788 3.04951049926428e-12
0.2789 3.00128331714734e-12
0.279 2.95227164003351e-12
0.2791 2.90301152313788e-12
0.2792 2.85373099697442e-12
0.2793 2.8044788454822e-12
0.2794 2.75536634292721e-12
0.2795 2.70667544602181e-12
0.2796 2.658812544253e-12
0.2797 2.61216597649565e-12
0.2798 2.5669685139377e-12
0.2799 2.52331024284445e-12
0.28 2.48128998580815e-12
0.2801 2.44108518701435e-12
0.2802 2.40290825243168e-12
0.2803 2.36697115225441e-12
0.2804 2.33351920915013e-12
0.2805 2.30282690952744e-12
0.2806 2.27514056902315e-12
0.2807 2.25063666321731e-12
0.2808 2.22942142352005e-12
0.2809 2.21154146778712e-12
0.281 2.19707223675794e-12
0.2811 2.18619118278604e-12
0.2812 2.17911147123097e-12
0.2813 2.17599185049665e-12
0.2814 2.17693772612205e-12
0.2815 2.18206745784423e-12
0.2816 2.19158851892072e-12
0.2817 2.20581205012707e-12
0.2818 2.2251122144768e-12
0.2819 2.24983242704836e-12
0.282 2.28023664910889e-12
0.2821 2.31650805128321e-12
0.2822 2.35876313266095e-12
0.2823 2.40704597778503e-12
0.2824 2.46133423125712e-12
0.2825 2.52164832790731e-12
0.2826 2.58814688268056e-12
0.2827 2.66104925492999e-12
0.2828 2.74052453510219e-12
0.2829 2.82668809257634e-12
0.283 2.91966631094377e-12
0.2831 3.01955638994097e-12
0.2832 3.12631541179842e-12
0.2833 3.23970072277565e-12
0.2834 3.35933467787868e-12
0.2835 3.48474927298858e-12
0.2836 3.61534807882118e-12
0.2837 3.75034615654806e-12
0.2838 3.88881055432572e-12
0.2839 4.02980187935089e-12
0.284 4.17244453669034e-12
0.2841 4.31587410929625e-12
0.2842 4.45919071868682e-12
0.2843 4.60149021859828e-12
0.2844 4.74195287589391e-12
0.2845 4.8798176604723e-12
0.2846 5.01434441822772e-12
0.2847 5.14484787730817e-12
0.2848 5.27081132608493e-12
0.2849 5.39189015612415e-12
0.285 5.5077991981158e-12
0.2851 5.6182484626861e-12
0.2852 5.72294421185586e-12
0.2853 5.82161330542041e-12
0.2854 5.91401474521431e-12
0.2855 5.99991702139761e-12
0.2856 6.07912372773621e-12
0.2857 6.15154469895863e-12
0.2858 6.21724223653185e-12
0.2859 6.27639637765356e-12
0.286 6.32925439566651e-12
0.2861 6.37611633363641e-12
0.2862 6.41731249422827e-12
0.2863 6.45319604574789e-12
0.2864 6.48412835669864e-12
0.2865 6.51041753728807e-12
0.2866 6.53233949914006e-12
0.2867 6.5502069045275e-12
0.2868 6.56440491770149e-12
0.2869 6.57536179087662e-12
0.287 6.58351583625748e-12
0.2871 6.58927169333868e-12
0.2872 6.59291843507747e-12
0.2873 6.59456952340408e-12
0.2874 6.59413752440001e-12
0.2875 6.59139418007534e-12
0.2876 6.58605296278616e-12
0.2877 6.5778500319391e-12
0.2878 6.56663987567256e-12
0.2879 6.55240636754302e-12
0.288 6.5352131746237e-12
0.2881 6.51516278558318e-12
0.2882 6.49246358414434e-12
0.2883 6.46750928563909e-12
0.2884 6.44085659786892e-12
0.2885 6.41314610273224e-12
0.2886 6.38500170141122e-12
0.2887 6.35699844056216e-12
0.2888 6.32967086531137e-12
0.2889 6.30348131528827e-12
0.289 6.27881936264478e-12
0.2891 6.25595892157711e-12
0.2892 6.2350565372809e-12
0.2893 6.21615589023518e-12
0.2894 6.19928098415939e-12
0.2895 6.18453170745612e-12
0.2896 6.17211171991942e-12
0.2897 6.16227906782403e-12
0.2898 6.1553340487727e-12
0.2899 6.15169163289453e-12
0.29 6.15193672375992e-12
0.2901 6.15679407497441e-12
0.2902 6.16702613946611e-12
0.2903 6.1832931539805e-12
0.2904 6.20606110360284e-12
0.2905 6.23559750861692e-12
0.2906 6.27198261303484e-12
0.2907 6.3150776011464e-12
0.2908 6.36454586522366e-12
0.2909 6.41997592818026e-12
0.291 6.48097540577142e-12
0.2911 6.54716391293557e-12
0.2912 6.61809306314911e-12
0.2913 6.69317532898546e-12
0.2914 6.77170258656247e-12
0.2915 6.85291212755636e-12
0.2916 6.93608634340264e-12
0.2917 7.02049112362631e-12
0.2918 7.10532837057814e-12
0.2919 7.18976354157593e-12
0.292 7.27307920614514e-12
0.2921 7.35471991148576e-12
0.2922 7.43424098647248e-12
0.2923 7.51116355332472e-12
0.2924 7.58484762261778e-12
0.2925 7.65440101889059e-12
0.2926 7.71866094154734e-12
0.2927 7.77628040453896e-12
0.2928 7.82588492302587e-12
0.2929 7.86623234808273e-12
0.293 7.89624586835854e-12
0.2931 7.91502432127153e-12
0.2932 7.92195386593128e-12
0.2933 7.91678706327531e-12
0.2934 7.89956616939778e-12
0.2935 7.87050831929703e-12
0.2936 7.82997365277829e-12
0.2937 7.77845115965268e-12
0.2938 7.71659065884476e-12
0.2939 7.64523354861436e-12
0.294 7.56540156287171e-12
0.2941 7.47816930860801e-12
0.2942 7.38462189058074e-12
0.2943 7.28586122160093e-12
0.2944 7.18295032162237e-12
0.2945 7.07683728749459e-12
0.2946 6.96834271176143e-12
0.2947 6.85828561743725e-12
0.2948 6.74753317360709e-12
0.2949 6.63693867079396e-12
0.295 6.52723997679388e-12
0.2951 6.41900087813873e-12
0.2952 6.31263053501536e-12
0.2953 6.20843412994738e-12
0.2954 6.10666699906403e-12
0.2955 6.00754545619279e-12
0.2956 5.91124475390086e-12
0.2957 5.81792992948745e-12
0.2958 5.72782588205123e-12
0.2959 5.64120994015851e-12
0.296 5.55830701212061e-12
0.2961 5.47914494904416e-12
0.2962 5.40346256239006e-12
0.2963 5.3307588602117e-12
0.2964 5.26043283666092e-12
0.2965 5.19189957698072e-12
0.2966 5.12465526539324e-12
0.2967 5.05827125518452e-12
0.2968 4.99234496073429e-12
0.2969 4.92644585203841e-12
0.297 4.86014127804113e-12
0.2971 4.79307006632499e-12
0.2972 4.7249758413633e-12
0.2973 4.65566036339811e-12
0.2974 4.58498370096669e-12
0.2975 4.51294686031904e-12
0.2976 4.43967417064546e-12
0.2977 4.36522887413162e-12
0.2978 4.28942365903056e-12
0.2979 4.21185782370334e-12
0.298 4.13211416256156e-12
0.2981 4.04994280067794e-12
0.2982 3.965372927851e-12
0.2983 3.87865933881593e-12
0.2984 3.79017007825528e-12
0.2985 3.7003718164394e-12
0.2986 3.60981513138763e-12
0.2987 3.51907819420364e-12
0.2988 3.42873696453914e-12
0.2989 3.33940296276618e-12
0.299 3.25168363790617e-12
0.2991 3.16610056224054e-12
0.2992 3.08300739157824e-12
0.2993 3.00262894110836e-12
0.2994 2.92513846686698e-12
0.2995 2.85067999655567e-12
0.2996 2.77931253557339e-12
0.2997 2.71095020444963e-12
0.2998 2.64537655929237e-12
0.2999 2.58235781848205e-12
0.3 2.52180428480504e-12
